    unsorted:	 4.061261139 4.033802544 3.993853729 4.134570225 4.600992169 4.674137982 4.549203264 4.776952395 4.828011413 3.625286355 5.293119599 5.345283345 3.282066110 5.653293687 2.056151115 2.022498194 1.958141618 1.903408524 2.226906618 2.279993711 2.499171796 2.814992897 1.684446219 1.370996244 0.9358481534 0.9170353069 0.8680055866 0.4088788176 0.3556785506 0.1142936468 0.1443553138 0.1498463490 0.2112973669 0.09128099664 0.02497609224 5.948137709 6.177964458 6.422879069 6.746537770 7.084958820 7.396100937 7.667689580 8.253631326 8.464640180 8.816617952 8.921695415 9.055062656 9.342564105 11.57379387 12.64605103 17.22650883 21.73157518 25.55898404 27.05885911 48.99804230 225.2349044
      sorted:	 0.02497609224 0.09128099664 0.1142936468 0.1443553138 0.1498463490 0.2112973669 0.3556785506 0.4088788176 0.8680055866 0.9170353069 0.9358481534 1.370996244 1.684446219 1.903408524 1.958141618 2.022498194 2.056151115 2.226906618 2.279993711 2.499171796 2.814992897 3.282066110 3.625286355 3.993853729 4.033802544 4.061261139 4.134570225 4.549203264 4.600992169 4.674137982 4.776952395 4.828011413 5.293119599 5.345283345 5.653293687 5.948137709 6.177964458 6.422879069 6.746537770 7.084958820 7.396100937 7.667689580 8.253631326 8.464640180 8.816617952 8.921695415 9.055062656 9.342564105 11.57379387 12.64605103 17.22650883 21.73157518 25.55898404 27.05885911 48.99804230 225.2349044
