gs_seine
   0.0767   0.2038   0.4412   0.7089   0.8825   1.0000   1.0000   1.0000   1.0000
   0.0767   0.2038   0.4412   0.7089   0.8825   1.0000   1.0000   1.0000   1.0000
   0.0767   0.2038   0.4412   0.7089   0.8825   1.0000   1.0000   1.0000   1.0000
   0.0767   0.2038   0.4412   0.7089   0.8825   1.0000   1.0000   1.0000   1.0000
   0.0767   0.2038   0.4412   0.7089   0.8825   1.0000   1.0000   1.0000   1.0000
   0.0767   0.2038   0.4412   0.7089   0.8825   1.0000   1.0000   1.0000   1.0000
   0.0767   0.2038   0.4412   0.7089   0.8825   1.0000   1.0000   1.0000   1.0000
   0.0767   0.2038   0.4412   0.7089   0.8825   1.0000   1.0000   1.0000   1.0000
   0.0767   0.2038   0.4412   0.7089   0.8825   1.0000   1.0000   1.0000   1.0000
   0.0767   0.2038   0.4412   0.7089   0.8825   1.0000   1.0000   1.0000   1.0000
   0.0767   0.2038   0.4412   0.7089   0.8825   1.0000   1.0000   1.0000   1.0000
   0.0767   0.2038   0.4412   0.7089   0.8825   1.0000   1.0000   1.0000   1.0000
   0.0767   0.2038   0.4412   0.7089   0.8825   1.0000   1.0000   1.0000   1.0000
   0.0767   0.2038   0.4412   0.7089   0.8825   1.0000   1.0000   1.0000   1.0000
   0.0767   0.2038   0.4412   0.7089   0.8825   1.0000   1.0000   1.0000   1.0000
   0.0767   0.2038   0.4412   0.7089   0.8825   1.0000   1.0000   1.0000   1.0000
   0.0767   0.2038   0.4412   0.7089   0.8825   1.0000   1.0000   1.0000   1.0000
   0.0767   0.2038   0.4412   0.7089   0.8825   1.0000   1.0000   1.0000   1.0000
   0.0767   0.2038   0.4412   0.7089   0.8825   1.0000   1.0000   1.0000   1.0000
   0.0767   0.2038   0.4412   0.7089   0.8825   1.0000   1.0000   1.0000   1.0000
   0.0767   0.2038   0.4412   0.7089   0.8825   1.0000   1.0000   1.0000   1.0000
   0.0767   0.2038   0.4412   0.7089   0.8825   1.0000   1.0000   1.0000   1.0000
   0.0668   0.2110   0.4995   0.7884   0.9329   1.0000   1.0000   1.0000   1.0000
   0.0668   0.2110   0.4995   0.7884   0.9329   1.0000   1.0000   1.0000   1.0000
   0.0668   0.2110   0.4995   0.7884   0.9329   1.0000   1.0000   1.0000   1.0000
   0.0668   0.2110   0.4995   0.7884   0.9329   1.0000   1.0000   1.0000   1.0000
   0.0668   0.2110   0.4995   0.7884   0.9329   1.0000   1.0000   1.0000   1.0000
   0.0668   0.2110   0.4995   0.7884   0.9329   1.0000   1.0000   1.0000   1.0000
   0.0668   0.2110   0.4995   0.7884   0.9329   1.0000   1.0000   1.0000   1.0000
   0.0668   0.2110   0.4995   0.7884   0.9329   1.0000   1.0000   1.0000   1.0000
   0.0668   0.2110   0.4995   0.7884   0.9329   1.0000   1.0000   1.0000   1.0000
   0.0668   0.2110   0.4995   0.7884   0.9329   1.0000   1.0000   1.0000   1.0000
   0.0668   0.2110   0.4995   0.7884   0.9329   1.0000   1.0000   1.0000   1.0000
   0.0668   0.2110   0.4995   0.7884   0.9329   1.0000   1.0000   1.0000   1.0000
   0.0668   0.2110   0.4995   0.7884   0.9329   1.0000   1.0000   1.0000   1.0000
   0.0668   0.2110   0.4995   0.7884   0.9329   1.0000   1.0000   1.0000   1.0000
   0.0668   0.2110   0.4995   0.7884   0.9329   1.0000   1.0000   1.0000   1.0000
   0.0668   0.2110   0.4995   0.7884   0.9329   1.0000   1.0000   1.0000   1.0000
sel_naa
   6.9193   3.0839  74.4295  72.1335  17.1679   1.0000   1.0315   1.0000   1.1775
 122.2363  13.6141   4.6519  72.7697  48.9069   9.8417   0.4524   0.4831   1.0303
 111.8019 243.9784  21.4480   5.2294  61.0092  36.5960   6.2903   0.2836   0.9304
  46.6195 223.5956 387.0593  24.3906   4.5693  46.9029  24.1923   4.0113   0.5774
  13.6246  93.7455 359.4893 450.0107  21.3741   3.4280  30.9371  16.0805   2.9820
  30.8352  27.4840 152.7531 428.2948 408.5500  17.1447   1.7832  21.5898  13.2483
   6.2976  62.1844  44.7750 181.7690 387.1054 332.1873  11.6758   1.0261  23.8677
  23.0229  12.7221 101.8308  53.8901 167.2201 321.1547 239.9583   8.2097  17.2967
  18.7546  46.5132  20.8375 122.6214  49.5296 138.8025 231.9975 171.9104  17.7485
   3.2719  37.8913  76.1956  25.1406 113.0037  41.1471  99.6167 164.0956 133.3465
   7.0649   6.6096  62.0347  91.5655  23.0280  93.4455  29.5053  70.6894 207.4183
  54.9616  14.2679  10.8085  74.4596  83.9029  18.9713  66.7297  20.7837 191.6598
  38.8030 110.8677  23.2768  12.9073  67.4083  67.8141  13.1915  46.2305 143.5237
  16.5192  78.0090 179.0630  27.2387  11.0961  50.7862  43.7446   8.5702 121.7223
  18.1617  33.2588 126.5554 211.3595  24.3158   8.7430  34.1900  29.0497  85.2854
  18.9269  36.4707  53.5466 146.7088 182.7305  18.5159   4.5523  19.8791  68.7725
  14.8619  38.0247  58.8275  62.5241 128.6814 141.4559  11.9848   2.2743  49.9851
  26.2971  29.8715  61.4305  68.8639  55.0225 100.1841  92.8227   6.4869  29.1020
   5.6281  52.7663  48.0325  71.1626  59.5310  42.0856  64.2958  58.6699  18.8889
   5.7137  11.2989  84.9585  55.7052  60.8832  44.9006  26.7076  40.7074  45.0895
  31.3693  11.4657  18.1747  98.3531  48.0398  45.8113  28.5537  16.4043  50.2111
  45.6268  62.9253  18.4279  20.9991  83.8165  35.4613  28.5764  17.7043  38.4081
  16.4342  94.6956 114.3551  23.6271  18.6919  58.5392  21.7755  16.7177  33.5062
   5.7400  39.2697 167.5729 131.0442  19.3445  12.7989  36.9076  13.4026  31.3720
   5.7636  13.7117  69.4281 191.3539 106.2801  13.2688   7.4069  22.9157  27.6221
  13.1563  13.7761  24.2909  79.9343 160.1773  77.8609   8.1010   3.6384  31.5183
  12.8833  31.4165  24.3319  27.7627  65.8462 115.1615  49.6133   4.6253  21.5697
  12.9135  30.6248  54.7645  27.4101  22.2500  44.1999  73.2320  31.0699  15.9938
  22.5622  30.8309  54.0584  62.4198  22.6079  15.8862  27.7633  46.4551  30.1522
  39.0032  53.7549  54.0357  60.1238  49.3296  15.2393   9.1327  16.1542  46.3792
  28.5518  93.0885  94.7731  61.4189  49.0440  35.0694   9.3424   5.1862  38.0108
  24.0959  68.0274 163.0816 105.8473  47.0857  32.1305  20.9343   4.9238  25.1913
  14.4592  57.5201 120.0105 185.8239  86.8924  33.3826  20.5284  13.1853  18.5156
  17.5492  34.5892 102.1348 138.8799 157.0077  64.6162  21.9833  13.2947  20.3856
  12.4693  41.9292  61.1625 116.9339 114.1141 113.7812  41.7589  13.0076  20.3361
   7.4010  29.7715  73.9481  69.2565  95.6231  81.4881  75.7573  27.3964  21.6176
   4.1475  17.6661  52.4970  84.1905  57.1421  70.1569  54.5600  50.0847  31.8626
  14.1569   9.9109  31.2716  60.3706  70.6865  42.8544  48.1480  36.9466  54.4648
tot_sel_N
 177.9429 273.9865 487.5673 761.9182 991.6719 1101.6832 1050.8882 945.3054 818.7151 693.7091 591.3612 536.5450 524.0229 536.7494 570.9194 550.1033 508.6197 470.0812 421.0607 375.9646 348.3830 351.9457 398.3425 457.4525 457.7509 412.4536 353.2102 312.4585 312.7360 343.1524 414.4851 491.3178 550.3180 570.4406 535.4928 482.2596 422.3073 368.8105
est_seine_comp
   0.0389   0.0173   0.4183   0.4054   0.0965   0.0056   0.0058   0.0056   0.0066
   0.4461   0.0497   0.0170   0.2656   0.1785   0.0359   0.0017   0.0018   0.0038
   0.2293   0.5004   0.0440   0.0107   0.1251   0.0751   0.0129   0.0006   0.0019
   0.0612   0.2935   0.5080   0.0320   0.0060   0.0616   0.0318   0.0053   0.0008
   0.0137   0.0945   0.3625   0.4538   0.0216   0.0035   0.0312   0.0162   0.0030
   0.0280   0.0249   0.1387   0.3888   0.3708   0.0156   0.0016   0.0196   0.0120
   0.0060   0.0592   0.0426   0.1730   0.3684   0.3161   0.0111   0.0010   0.0227
   0.0244   0.0135   0.1077   0.0570   0.1769   0.3397   0.2538   0.0087   0.0183
   0.0229   0.0568   0.0255   0.1498   0.0605   0.1695   0.2834   0.2100   0.0217
   0.0047   0.0546   0.1098   0.0362   0.1629   0.0593   0.1436   0.2365   0.1922
   0.0119   0.0112   0.1049   0.1548   0.0389   0.1580   0.0499   0.1195   0.3507
   0.1024   0.0266   0.0201   0.1388   0.1564   0.0354   0.1244   0.0387   0.3572
   0.0740   0.2116   0.0444   0.0246   0.1286   0.1294   0.0252   0.0882   0.2739
   0.0308   0.1453   0.3336   0.0507   0.0207   0.0946   0.0815   0.0160   0.2268
   0.0318   0.0583   0.2217   0.3702   0.0426   0.0153   0.0599   0.0509   0.1494
   0.0344   0.0663   0.0973   0.2667   0.3322   0.0337   0.0083   0.0361   0.1250
   0.0292   0.0748   0.1157   0.1229   0.2530   0.2781   0.0236   0.0045   0.0983
   0.0559   0.0635   0.1307   0.1465   0.1170   0.2131   0.1975   0.0138   0.0619
   0.0134   0.1253   0.1141   0.1690   0.1414   0.1000   0.1527   0.1393   0.0449
   0.0152   0.0301   0.2260   0.1482   0.1619   0.1194   0.0710   0.1083   0.1199
   0.0900   0.0329   0.0522   0.2823   0.1379   0.1315   0.0820   0.0471   0.1441
   0.1296   0.1788   0.0524   0.0597   0.2382   0.1008   0.0812   0.0503   0.1091
   0.0413   0.2377   0.2871   0.0593   0.0469   0.1470   0.0547   0.0420   0.0841
   0.0125   0.0858   0.3663   0.2865   0.0423   0.0280   0.0807   0.0293   0.0686
   0.0126   0.0300   0.1517   0.4180   0.2322   0.0290   0.0162   0.0501   0.0603
   0.0319   0.0334   0.0589   0.1938   0.3884   0.1888   0.0196   0.0088   0.0764
   0.0365   0.0889   0.0689   0.0786   0.1864   0.3260   0.1405   0.0131   0.0611
   0.0413   0.0980   0.1753   0.0877   0.0712   0.1415   0.2344   0.0994   0.0512
   0.0721   0.0986   0.1729   0.1996   0.0723   0.0508   0.0888   0.1485   0.0964
   0.1137   0.1567   0.1575   0.1752   0.1438   0.0444   0.0266   0.0471   0.1352
   0.0689   0.2246   0.2287   0.1482   0.1183   0.0846   0.0225   0.0125   0.0917
   0.0490   0.1385   0.3319   0.2154   0.0958   0.0654   0.0426   0.0100   0.0513
   0.0263   0.1045   0.2181   0.3377   0.1579   0.0607   0.0373   0.0240   0.0336
   0.0308   0.0606   0.1790   0.2435   0.2752   0.1133   0.0385   0.0233   0.0357
   0.0233   0.0783   0.1142   0.2184   0.2131   0.2125   0.0780   0.0243   0.0380
   0.0153   0.0617   0.1533   0.1436   0.1983   0.1690   0.1571   0.0568   0.0448
   0.0098   0.0418   0.1243   0.1994   0.1353   0.1661   0.1292   0.1186   0.0754
   0.0384   0.0269   0.0848   0.1637   0.1917   0.1162   0.1305   0.1002   0.1477
res_c_comp
  -0.0304  -0.0116   0.0268   0.0212  -0.0125  -0.0019   0.0036  -0.0003   0.0050
   0.0468   0.0305  -0.0014  -0.0323  -0.0544   0.0120   0.0001   0.0017  -0.0030
  -0.0128   0.0508  -0.0102  -0.0024  -0.0008  -0.0212  -0.0043   0.0014  -0.0004
  -0.0448  -0.0244   0.0752  -0.0132   0.0123   0.0099  -0.0088  -0.0053  -0.0008
  -0.0114  -0.0393   0.0025  -0.0189   0.0045   0.0708   0.0058  -0.0110  -0.0030
  -0.0100  -0.0072  -0.0543  -0.0610   0.0446   0.0577   0.0404  -0.0035  -0.0065
  -0.0060  -0.0363  -0.0220  -0.0103   0.0482  -0.0170   0.0309   0.0242  -0.0117
  -0.0220  -0.0124  -0.0062   0.0502   0.0797   0.0870  -0.1715   0.0037  -0.0086
  -0.0134   0.0188  -0.0097   0.0156  -0.0022   0.0132   0.0221  -0.0556   0.0114
  -0.0032   0.0209  -0.0221  -0.0001  -0.0085   0.0003   0.0188  -0.0058  -0.0003
  -0.0111  -0.0059  -0.0388  -0.0163  -0.0013   0.0329   0.0141   0.0242   0.0022
  -0.0822  -0.0246  -0.0118  -0.0368  -0.0114   0.0099   0.0633   0.0299   0.0637
   0.1250   0.0998  -0.0320  -0.0143  -0.0372  -0.0382  -0.0033  -0.0277  -0.0721
  -0.0192   0.0084   0.0194  -0.0266  -0.0055   0.0239   0.0301   0.0156  -0.0461
  -0.0273  -0.0299  -0.0481  -0.0100  -0.0086   0.0083   0.0470   0.0398   0.0286
  -0.0224  -0.0113  -0.0053  -0.0067  -0.0312   0.0193   0.0127   0.0159   0.0261
  -0.0262  -0.0248  -0.0457  -0.0349  -0.0260  -0.0231   0.0524   0.0415   0.0857
   0.0582   0.0275   0.0363   0.0015  -0.0310  -0.0531  -0.0675   0.0222   0.0081
  -0.0124  -0.0573  -0.0511  -0.0480  -0.0264   0.0130  -0.0067   0.0397   0.1491
  -0.0052  -0.0051   0.0810  -0.0192  -0.0179  -0.0124  -0.0230   0.0017   0.0011
  -0.0610  -0.0099  -0.0222  -0.0833   0.0301  -0.0315   0.0160   0.0599   0.1039
  -0.1006  -0.0148  -0.0024  -0.0197   0.0538  -0.0068   0.0348   0.0157   0.0409
  -0.0213   0.1083   0.0249  -0.0193  -0.0039  -0.0430  -0.0107  -0.0070  -0.0281
  -0.0115  -0.0588  -0.0013  -0.0415   0.0017   0.0420   0.0113   0.0207   0.0374
  -0.0116  -0.0270  -0.1137   0.0190   0.0138   0.0070   0.0378   0.0209   0.0487
  -0.0305  -0.0293  -0.0488  -0.0505   0.0735   0.0080   0.0357   0.0372   0.0048
   0.0102   0.0356  -0.0169  -0.0280   0.0463  -0.0809   0.0032   0.0068   0.0232
  -0.0256   0.0176   0.0225  -0.0253   0.0213   0.0607  -0.0357  -0.0384   0.0029
   0.0015   0.0071   0.0123  -0.0193   0.0113   0.0116   0.0143  -0.0211  -0.0192
   0.0394   0.0361  -0.0049  -0.0323  -0.0360   0.0066   0.0128   0.0094  -0.0347
  -0.0415   0.0680   0.0097  -0.0201  -0.0182  -0.0170   0.0230   0.0202  -0.0241
  -0.0477  -0.0815  -0.0080   0.0161   0.0454   0.0396   0.0100   0.0296  -0.0036
  -0.0161  -0.0018  -0.0125   0.0409  -0.0048   0.0098   0.0010  -0.0041  -0.0130
  -0.0281  -0.0307  -0.0574   0.0402   0.0262   0.0172   0.0270   0.0056   0.0000
  -0.0126  -0.0107  -0.0016   0.0370   0.0530  -0.0385  -0.0138   0.0043  -0.0172
  -0.0036  -0.0092   0.0062  -0.0263   0.0279   0.0331   0.0049  -0.0101  -0.0229
   0.0000   0.0000   0.0000   0.0000   0.0000   0.0000   0.0000   0.0000   0.0000
  -0.0102   0.0007   0.0041   0.0134   0.0239   0.0698   0.0251  -0.0212  -0.1054
est_mat_comp
   0.0791   0.0239   0.4241   0.3519   0.0994   0.0051   0.0053   0.0051   0.0060
   0.6272   0.0474   0.0119   0.1593   0.1271   0.0226   0.0010   0.0011   0.0024
   0.3281   0.4854   0.0314   0.0065   0.0907   0.0480   0.0083   0.0004   0.0012
   0.1065   0.3464   0.4407   0.0238   0.0053   0.0479   0.0247   0.0041   0.0006
   0.0282   0.1316   0.3708   0.3975   0.0224   0.0032   0.0286   0.0149   0.0028
   0.0572   0.0346   0.1411   0.3388   0.3837   0.0142   0.0015   0.0179   0.0110
   0.0124   0.0828   0.0438   0.1523   0.3851   0.2916   0.0102   0.0009   0.0210
   0.0509   0.0191   0.1122   0.0508   0.1873   0.3174   0.2372   0.0081   0.0171
   0.0483   0.0811   0.0267   0.1346   0.0646   0.1597   0.2669   0.1978   0.0204
   0.0099   0.0777   0.1148   0.0324   0.1731   0.0556   0.1346   0.2218   0.1802
   0.0259   0.0164   0.1134   0.1434   0.0428   0.1533   0.0484   0.1160   0.3403
   0.1980   0.0348   0.0194   0.1145   0.1531   0.0306   0.1075   0.0335   0.3087
   0.1355   0.2626   0.0405   0.0192   0.1193   0.1059   0.0206   0.0722   0.2241
   0.0350   0.1534   0.3314   0.0490   0.0228   0.0923   0.0795   0.0156   0.2211
   0.0365   0.0620   0.2222   0.3607   0.0475   0.0151   0.0589   0.0501   0.1470
   0.0380   0.0680   0.0940   0.2504   0.3569   0.0319   0.0078   0.0343   0.1186
   0.0326   0.0774   0.1127   0.1164   0.2742   0.2660   0.0225   0.0043   0.0940
   0.0632   0.0667   0.1291   0.1407   0.1286   0.2067   0.1915   0.0134   0.0600
   0.0151   0.1314   0.1126   0.1622   0.1553   0.0969   0.1480   0.1350   0.0435
   0.0172   0.0316   0.2236   0.1425   0.1783   0.1160   0.0690   0.1052   0.1165
   0.1015   0.0344   0.0514   0.2703   0.1511   0.1272   0.0793   0.0455   0.1394
   0.1415   0.1811   0.0499   0.0553   0.2526   0.0943   0.0760   0.0471   0.1022
   0.0555   0.2504   0.2602   0.0532   0.0507   0.1480   0.0551   0.0423   0.0847
   0.0178   0.0952   0.3495   0.2705   0.0481   0.0297   0.0856   0.0311   0.0727
   0.0175   0.0326   0.1420   0.3872   0.2589   0.0302   0.0168   0.0521   0.0628
   0.0421   0.0345   0.0523   0.1703   0.4109   0.1863   0.0194   0.0087   0.0754
   0.0481   0.0917   0.0611   0.0690   0.1970   0.3215   0.1385   0.0129   0.0602
   0.0554   0.1029   0.1583   0.0784   0.0766   0.1420   0.2352   0.0998   0.0514
   0.0969   0.1036   0.1563   0.1786   0.0779   0.0511   0.0892   0.1493   0.0969
   0.1488   0.1605   0.1388   0.1528   0.1510   0.0435   0.0261   0.0461   0.1324
   0.0918   0.2342   0.2052   0.1316   0.1265   0.0844   0.0225   0.0125   0.0915
   0.0674   0.1488   0.3070   0.1972   0.1056   0.0672   0.0438   0.0103   0.0527
   0.0364   0.1131   0.2031   0.3112   0.1752   0.0628   0.0386   0.0248   0.0348
   0.0416   0.0642   0.1630   0.2193   0.2985   0.1146   0.0390   0.0236   0.0362
   0.0314   0.0826   0.1037   0.1961   0.2304   0.2143   0.0787   0.0245   0.0383
   0.0207   0.0651   0.1392   0.1290   0.2144   0.1705   0.1585   0.0573   0.0452
   0.0134   0.0446   0.1141   0.1810   0.1479   0.1694   0.1317   0.1209   0.0769
   0.0512   0.0281   0.0762   0.1455   0.2051   0.1160   0.1304   0.1000   0.1475
res_mat_comp
  -0.0285  -0.0152  -0.0134   0.0330   0.0251   0.0003  -0.0020  -0.0007   0.0014
  -0.0087   0.0238  -0.0003   0.0079  -0.0327   0.0112  -0.0005   0.0013  -0.0022
  -0.1118   0.0668  -0.0008   0.0023   0.0284   0.0120   0.0013   0.0016   0.0003
  -0.0363   0.0418  -0.0002  -0.0079   0.0113   0.0016  -0.0091  -0.0016   0.0004
  -0.0230  -0.0929  -0.0332   0.0175   0.0149   0.1094   0.0229  -0.0128  -0.0027
  -0.0266  -0.0107  -0.0434   0.0204   0.0016   0.0434   0.0307  -0.0063  -0.0091
  -0.0124  -0.0627  -0.0140   0.0222   0.0611  -0.0253   0.0349   0.0121  -0.0160
  -0.0487  -0.0150  -0.0085   0.0633   0.1027   0.0845  -0.1704   0.0034  -0.0113
   0.0107   0.0111  -0.0094   0.0120  -0.0140   0.0036   0.0276  -0.0607   0.0192
  -0.0090   0.0186   0.0541   0.0089  -0.0249  -0.0063   0.0255  -0.0265  -0.0403
  -0.0240  -0.0111  -0.0240  -0.0113  -0.0060   0.0231   0.0167   0.0322   0.0043
  -0.0370  -0.0198  -0.0034   0.0695   0.0289   0.0194  -0.0055   0.0135  -0.0657
   0.0655   0.0474  -0.0325  -0.0102   0.0047  -0.0039   0.0054  -0.0182  -0.0581
  -0.0250  -0.0514  -0.0154  -0.0310  -0.0108   0.0397   0.0605   0.0174   0.0149
  -0.0335  -0.0370  -0.0632  -0.0227  -0.0185   0.0149   0.0571   0.0569   0.0460
  -0.0260  -0.0130  -0.0020   0.0096  -0.0559   0.0211   0.0132   0.0177   0.0325
   0.0000   0.0000   0.0000   0.0000   0.0000   0.0000   0.0000   0.0000   0.0000
   0.0619   0.0033   0.0199  -0.0207  -0.0376  -0.0357  -0.0535   0.0386   0.0220
   0.0000   0.0000   0.0000   0.0000   0.0000   0.0000   0.0000   0.0000   0.0000
  -0.0122  -0.0146  -0.0416  -0.0335  -0.0493  -0.0110   0.0020   0.0398   0.1185
   0.0000   0.0000   0.0000   0.0000   0.0000   0.0000   0.0000   0.0000   0.0000
  -0.0365   0.1549   0.0121  -0.0193  -0.0276  -0.0353  -0.0170  -0.0081  -0.0222
   0.0000   0.0000   0.0000   0.0000   0.0000   0.0000   0.0000   0.0000   0.0000
   0.0000   0.0000   0.0000   0.0000   0.0000   0.0000   0.0000   0.0000   0.0000
   0.0000   0.0000   0.0000   0.0000   0.0000   0.0000   0.0000   0.0000   0.0000
  -0.0405  -0.0292  -0.0426  -0.0379   0.0318   0.0162   0.0381   0.0456   0.0185
   0.0110   0.0407  -0.0081  -0.0218   0.0308  -0.0786  -0.0037   0.0082   0.0202
  -0.0397   0.0127   0.0395  -0.0159   0.0159   0.0602  -0.0365  -0.0388   0.0027
   0.0149   0.0221   0.0155  -0.0139  -0.0035   0.0023  -0.0030  -0.0220  -0.0145
   0.0268   0.0468   0.0200  -0.0175  -0.0508  -0.0007   0.0114   0.0008  -0.0411
  -0.0668   0.0134   0.0133  -0.0008  -0.0155   0.0011   0.0329   0.0331  -0.0108
   0.0000   0.0000   0.0000   0.0000   0.0000   0.0000   0.0000   0.0000   0.0000
  -0.0300  -0.0250  -0.0098   0.0673  -0.0128   0.0160   0.0060  -0.0017  -0.0106
  -0.0396  -0.0387  -0.0458   0.0529  -0.0053   0.0252   0.0333   0.0148   0.0033
  -0.0202  -0.0207   0.0073   0.0580   0.0397  -0.0401  -0.0122   0.0055  -0.0172
  -0.0118  -0.0239  -0.0053  -0.0091   0.0248   0.0407   0.0164  -0.0075  -0.0242
   0.0000   0.0000   0.0000   0.0000   0.0000   0.0000   0.0000   0.0000   0.0000
   0.0131  -0.0032  -0.0102  -0.0062  -0.0028   0.0626   0.0376  -0.0014  -0.0894
naa
  90.2649  15.1285 168.6886 101.7541  19.4537   1.0000   1.0315   1.0000   1.1775
 1594.6182  66.7865  10.5431 102.6516  55.4188   9.8417   0.4524   0.4831   1.0303
 1458.4972 1196.8856  48.6103   7.3768  69.1325  36.5960   6.2903   0.2836   0.9304
 608.1690 1096.8933 877.2394  34.4062   5.1777  46.9029  24.1923   4.0113   0.5774
 177.7376 459.8877 814.7542 634.8013  24.2201   3.4280  30.9371  16.0805   2.9820
 402.2567 134.8283 346.2028 604.1681 462.9478  17.1447   1.7832  21.5898  13.2483
  82.1542 305.0582 101.4789 256.4099 438.6479 332.1873  11.6758   1.0261  23.8677
 300.3429  62.4109 230.7915  76.0193 189.4852 321.1547 239.9583   8.2097  17.2967
 244.6602 228.1801  47.2265 172.9742  56.1243 138.8025 231.9975 171.9104  17.7485
  42.6838 185.8837 172.6913  35.4643 128.0500  41.1471  99.6167 164.0956 133.3465
  92.1636  32.4247 140.5968 129.1656  26.0942  93.4455  29.5053  70.6894 207.4183
 716.9941  69.9941  24.4966 105.0354  95.0744  18.9713  66.7297  20.7837 191.6598
 506.2000 543.8837  52.7550  18.2075  76.3837  67.8141  13.1915  46.2305 143.5237
 215.4987 382.6887 405.8323  38.4239  12.5736  50.7862  43.7446   8.5702 121.7223
 236.9260 163.1579 286.8278 298.1514  27.5534   8.7430  34.1900  29.0497  85.2854
 246.9086 178.9144 121.3591 206.9528 207.0608  18.5159   4.5523  19.8791  68.7725
 193.8790 186.5380 133.3279  88.1988 145.8151 141.4559  11.9848   2.2743  49.9851
 343.0548 146.5405 139.2273  97.1419  62.3487 100.1841  92.8227   6.4869  29.1020
  73.4208 258.8556 108.8619 100.3846  67.4574  42.0856  64.2958  58.6699  18.8889
  74.5377  55.4292 192.5518  78.5797  68.9897  44.9006  26.7076  40.7074  45.0895
 409.2239  56.2474  41.1915 138.7404  54.4363  45.8113  28.5537  16.4043  50.2111
 595.2188 308.6930  41.7653  29.6220  94.9765  35.4613  28.5764  17.7043  38.4081
 245.8464 448.8429 228.9318  29.9693  20.0361  58.5392  21.7755  16.7177  33.5062
  85.8667 186.1326 335.4706 166.2201  20.7357  12.7989  36.9076  13.4026  31.3720
  86.2205  64.9913 138.9907 242.7186 113.9232  13.2688   7.4069  22.9157  27.6221
 196.8110  65.2967  48.6289 101.3909 171.6963  77.8609   8.1010   3.6384  31.5183
 192.7261 148.9096  48.7110  35.2150  70.5814 115.1615  49.6133   4.6253  21.5697
 193.1783 145.1570 109.6350  34.7678  23.8501  44.1999  73.2320  31.0699  15.9938
 337.5182 146.1337 108.2215  79.1750  24.2338  15.8862  27.7633  46.4551  30.1522
 583.4649 254.7901 108.1760  76.2626  52.8771  15.2393   9.1327  16.1542  46.3792
 427.1190 441.2254 189.7298  77.9054  52.5709  35.0694   9.3424   5.1862  38.0108
 360.4607 322.4396 326.4791 134.2596  50.4718  32.1305  20.9343   4.9238  25.1913
 216.3020 272.6365 240.2535 235.7042  93.1411  33.3826  20.5284  13.1853  18.5156
 262.5255 163.9474 204.4676 176.1591 168.2987  64.6162  21.9833  13.2947  20.3856
 186.5337 198.7381 122.4434 148.3222 122.3205 113.7812  41.7589  13.0076  20.3361
 110.7145 141.1126 148.0395  87.8469 102.4997  81.4881  75.7573  27.3964  21.6176
  62.0442  83.7346 105.0957 106.7896  61.2514  70.1569  54.5600  50.0847  31.8626
 211.7794  46.9762  62.6039  76.5758  75.7699  42.8544  48.1480  36.9466  54.4648
post_naa
  87.6997  13.8445 134.7954  72.7724  12.9235   0.6020   0.6516   0.6540   0.7650
 1571.6728  63.8319   9.6867  90.7804  48.0555   8.3701   0.3825   0.4159   0.8680
 1440.3694 1151.9341  45.1800   6.7991  61.5899  32.1912   5.4096   0.2534   0.5434
 603.8949 1069.8826 833.5801  31.8042   4.5015  41.1660  21.6864   3.5758   0.5078
 177.0478 454.6112 793.3546 607.9132  22.5133   2.3728  29.1163  15.3114   2.8390
 400.5827 133.2555 336.7009 576.0041 436.2069  15.5363   1.3838  20.2749  12.5257
  81.9540 303.0605  99.8236 248.8198 421.7196 319.2977  11.0717   0.8534  23.1090
 299.6314  62.0147 227.1385  73.6989 182.2665 308.7047 231.8407   7.8070  16.6852
 244.0904 226.7671  46.5694 168.1470  54.0317 132.5538 221.3016 165.6108  16.9163
  42.5781 184.6227 169.6119  34.2652 122.7066  39.2609  95.3327 157.2988 128.0119
  91.9117  32.1673 137.9257 124.8456  24.9119  88.7931  28.0292  67.0681 197.6531
 714.1930  69.2744  23.9089 100.3021  89.0491  17.5531  62.3470  19.1243 179.5429
 502.5222 532.9127  50.4557  16.5108  66.6892  58.2083  11.5579  40.7276 127.4216
 214.2484 376.6437 391.5131  36.1813  11.4808  45.4945  39.1769   7.4496 110.6579
 234.9389 159.3610 271.7570 271.8989  24.3139   6.0574  26.8092  23.2973  71.7021
 244.9496 175.0776 115.8169 191.4750 185.7507  15.9475   3.0671  15.4575  53.6103
 192.4275 182.8243 127.5605  81.8723 131.5553 123.5135   8.7483   0.6351  39.6933
 339.9124 142.9504 131.8185  88.5807  55.2641  85.5545  79.1230   3.6584  22.4720
  72.7861 252.8466 103.1858  90.5929  58.9605  35.5382  54.8986  48.9091  12.9087
  73.8605  54.0900 182.1850  71.4822  60.1565  37.9947  22.1231  33.6395  35.4892
 405.3557  54.8435  38.8977 124.7170  46.5655  38.0248  23.8763  12.1741  40.8930
 589.3916 300.6184  39.3538  26.3101  76.8699  28.9753  22.5457  14.3002  31.9428
 244.4173 440.5183 218.2695  27.2287  16.8067  49.1106  18.0749  14.0570  29.2315
  85.3424 182.5137 318.7224 149.5965  17.4237   9.8558  30.9044  11.1624  26.9685
  85.7435  63.8564 133.1399 225.4605 102.2420  10.7795   4.9068  20.0009  23.4077
 195.5384  63.9642  46.2420  92.6830 151.2226  66.0173   6.2377   2.4430  27.4200
 190.6108 143.9657  45.6548  31.3184  58.0404  97.4453  41.9013   3.8702  18.2445
 191.8933 142.1096 103.9675  31.8222  20.8607  36.9429  62.6500  27.4695  13.9420
 334.5739 142.0497 100.1432  69.4347  20.0113  12.1523  21.7857  38.2655  25.4876
 579.3888 249.1410 102.3004  69.0327  46.0508  12.4313   6.9942  13.1973  39.3048
 423.4069 428.7113 176.3010  66.2763  42.1917  27.8560   6.6403   3.3062  31.5647
 358.0086 315.4854 309.5116 122.3069  43.8359  27.3159  17.7819   3.7386  21.8732
 215.2852 268.4936 231.3208 220.9990  84.8499  29.2518  17.9294  11.5135  16.5824
 260.9701 160.7848 194.7671 160.6234 149.4101  55.5660  17.5423  10.7127  17.3257
 185.3000 194.3960 115.3548 134.5960 107.0049 100.8055  36.9472  11.4493  18.3550
 109.9549 138.0048 140.2292  80.4314  92.1255  72.5996  67.5450  24.4581  19.3658
  61.6860  82.2073 100.5544  99.4961  56.2736  64.0676  49.8268  45.7506  29.1058
 210.3225  45.9445  59.2996  70.0363  67.8416  37.7752  42.6124  32.8015  48.7154
Sur
   0.7615   0.7615   0.7615   0.7615   0.7615   0.7515   0.7415   0.7315   0.7215
   0.7615   0.7615   0.7615   0.7615   0.7615   0.7515   0.7415   0.7315   0.7215
   0.7615   0.7615   0.7615   0.7615   0.7615   0.7515   0.7415   0.7315   0.7215
   0.7615   0.7615   0.7615   0.7615   0.7615   0.7515   0.7415   0.7315   0.7215
   0.7615   0.7615   0.7615   0.7615   0.7615   0.7515   0.7415   0.7315   0.7215
   0.7615   0.7615   0.7615   0.7615   0.7615   0.7515   0.7415   0.7315   0.7215
   0.7615   0.7615   0.7615   0.7615   0.7615   0.7515   0.7415   0.7315   0.7215
   0.7615   0.7615   0.7615   0.7615   0.7615   0.7515   0.7415   0.7315   0.7215
   0.7615   0.7615   0.7615   0.7615   0.7615   0.7515   0.7415   0.7315   0.7215
   0.7615   0.7615   0.7615   0.7615   0.7615   0.7515   0.7415   0.7315   0.7215
   0.7615   0.7615   0.7615   0.7615   0.7615   0.7515   0.7415   0.7315   0.7215
   0.7615   0.7615   0.7615   0.7615   0.7615   0.7515   0.7415   0.7315   0.7215
   0.7615   0.7615   0.7615   0.7615   0.7615   0.7515   0.7415   0.7315   0.7215
   0.7615   0.7615   0.7615   0.7615   0.7615   0.7515   0.7415   0.7315   0.7215
   0.7615   0.7615   0.7615   0.7615   0.7615   0.7515   0.7415   0.7315   0.7215
   0.7615   0.7615   0.7615   0.7615   0.7615   0.7515   0.7415   0.7315   0.7215
   0.7615   0.7615   0.7615   0.7615   0.7615   0.7515   0.7415   0.7315   0.7215
   0.7615   0.7615   0.7615   0.7615   0.7615   0.7515   0.7415   0.7315   0.7215
   0.7615   0.7615   0.7615   0.7615   0.7615   0.7515   0.7415   0.7315   0.7215
   0.7615   0.7615   0.7615   0.7615   0.7615   0.7515   0.7415   0.7315   0.7215
   0.7615   0.7615   0.7615   0.7615   0.7615   0.7515   0.7415   0.7315   0.7215
   0.7615   0.7615   0.7615   0.7615   0.7615   0.7515   0.7415   0.7315   0.7215
   0.7615   0.7615   0.7615   0.7615   0.7615   0.7515   0.7415   0.7315   0.7215
   0.7615   0.7615   0.7615   0.7615   0.7615   0.7515   0.7415   0.7315   0.7215
   0.7615   0.7615   0.7615   0.7615   0.7615   0.7515   0.7415   0.7315   0.7215
   0.7615   0.7615   0.7615   0.7615   0.7615   0.7515   0.7415   0.7315   0.7215
   0.7615   0.7615   0.7615   0.7615   0.7615   0.7515   0.7415   0.7315   0.7215
   0.7615   0.7615   0.7615   0.7615   0.7615   0.7515   0.7415   0.7315   0.7215
   0.7615   0.7615   0.7615   0.7615   0.7615   0.7515   0.7415   0.7315   0.7215
   0.7615   0.7615   0.7615   0.7615   0.7615   0.7515   0.7415   0.7315   0.7215
   0.7615   0.7615   0.7615   0.7615   0.7615   0.7515   0.7415   0.7315   0.7215
   0.7615   0.7615   0.7615   0.7615   0.7615   0.7515   0.7415   0.7315   0.7215
   0.7615   0.7615   0.7615   0.7615   0.7615   0.7515   0.7415   0.7315   0.7215
   0.7615   0.7615   0.7615   0.7615   0.7615   0.7515   0.7415   0.7315   0.7215
   0.7615   0.7615   0.7615   0.7615   0.7615   0.7515   0.7415   0.7315   0.7215
   0.7615   0.7615   0.7615   0.7615   0.7615   0.7515   0.7415   0.7315   0.7215
   0.7615   0.7615   0.7615   0.7615   0.7615   0.7515   0.7415   0.7315   0.7215
   0.7615   0.7615   0.7615   0.7615   0.7615   0.7515   0.7415   0.7315   0.7215
mat_naa
  15.4773   4.6769  82.9534  68.8461  19.4537   1.0000   1.0315   1.0000   1.1775
 273.4227  20.6466   5.1846  69.4534  55.4188   9.8417   0.4524   0.4831   1.0303
 250.0826 370.0088  23.9043   4.9911  69.1325  36.5960   6.2903   0.2836   0.9304
 104.2803 339.0969 431.3865  23.2790   5.1777  46.9029  24.1923   4.0113   0.5774
  30.4760 142.1711 400.6592 429.5024  24.2201   3.4280  30.9371  16.0805   2.9820
  68.9733  41.6812 170.2469 408.7761 462.9478  17.1447   1.7832  21.5898  13.2483
  14.0866  94.3066  49.9027 173.4852 438.6479 332.1873  11.6758   1.0261  23.8677
  51.4986  19.2939 113.4928  51.4341 189.4852 321.1547 239.9583   8.2097  17.2967
  41.9509  70.5403  23.2238 117.0332  56.1243 138.8025 231.9975 171.9104  17.7485
   7.3188  57.4646  84.9217  23.9949 128.0500  41.1471  99.6167 164.0956 133.3465
  15.8029  10.0239  69.1391  87.3926  26.0942  93.4455  29.5053  70.6894 207.4183
 122.9401  21.6382  12.0463  71.0662  95.0744  18.9713  66.7297  20.7837 191.6598
  86.7961 168.1379  25.9425  12.3191  76.3837  67.8141  13.1915  46.2305 143.5237
  19.2552  84.4157 182.3971  26.9699  12.5736  50.7862  43.7446   8.5702 121.7223
  21.1698  35.9903 128.9117 209.2738  27.5534   8.7430  34.1900  29.0497  85.2854
  22.0617  39.4660  54.5436 145.2611 207.0608  18.5159   4.5523  19.8791  68.7725
  17.3234  41.1476  59.9228  61.9071 145.8151 141.4559  11.9848   2.2743  49.9851
  30.6526  32.3248  62.5742  68.1844  62.3487 100.1841  92.8227   6.4869  29.1020
   6.5603  57.0999  48.9268  70.4604  67.4574  42.0856  64.2958  58.6699  18.8889
   6.6601  12.2269  86.5404  55.1555  68.9897  44.9006  26.7076  40.7074  45.0895
  36.5649  12.4074  18.5131  97.3826  54.4363  45.8113  28.5537  16.4043  50.2111
  53.1839  68.0933  18.7710  20.7918  94.9765  35.4613  28.5764  17.7043  38.4081
  21.9668  99.0084 102.8910  21.0356  20.0361  58.5392  21.7755  16.7177  33.5062
   7.6723  41.0582 150.7737 116.6707  20.7357  12.7989  36.9076  13.4026  31.3720
   7.7040  14.3362  62.4679 170.3653 113.9232  13.2688   7.4069  22.9157  27.6221
  17.5854  14.4035  21.8558  71.1667 171.6963  77.8609   8.1010   3.6384  31.5183
  17.2204  32.8473  21.8927  24.7176  70.5814 115.1615  49.6133   4.6253  21.5697
  17.2608  32.0196  49.2743  24.4037  23.8501  44.1999  73.2320  31.0699  15.9938
  30.1579  32.2350  48.6390  55.5733  24.2338  15.8862  27.7633  46.4551  30.1522
  52.1336  56.2031  48.6186  53.5291  52.8771  15.2393   9.1327  16.1542  46.3792
  38.1639  97.3281  85.2721  54.6822  52.5709  35.0694   9.3424   5.1862  38.0108
  32.2078  71.1256 146.7326  94.2374  50.4718  32.1305  20.9343   4.9238  25.1913
  19.3270  60.1398 107.9794 165.4419  93.1411  33.3826  20.5284  13.1853  18.5156
  23.4571  36.1645  91.8958 123.6469 168.2987  64.6162  21.9833  13.2947  20.3856
  16.6671  43.8388  55.0309 104.1080 122.3205 113.7812  41.7589  13.0076  20.3361
   9.8925  31.1275  66.5348  61.6601 102.4997  81.4881  75.7573  27.3964  21.6176
   5.5438  18.4707  47.2341  74.9561  61.2514  70.1569  54.5600  50.0847  31.8626
  18.9229  10.3623  28.1366  53.7489  75.7699  42.8544  48.1480  36.9466  54.4648
maturity
   0.1715   0.3091   0.4918   0.6766   1.0000   1.0000   1.0000   1.0000   1.0000
   0.1715   0.3091   0.4918   0.6766   1.0000   1.0000   1.0000   1.0000   1.0000
   0.1715   0.3091   0.4918   0.6766   1.0000   1.0000   1.0000   1.0000   1.0000
   0.1715   0.3091   0.4918   0.6766   1.0000   1.0000   1.0000   1.0000   1.0000
   0.1715   0.3091   0.4918   0.6766   1.0000   1.0000   1.0000   1.0000   1.0000
   0.1715   0.3091   0.4918   0.6766   1.0000   1.0000   1.0000   1.0000   1.0000
   0.1715   0.3091   0.4918   0.6766   1.0000   1.0000   1.0000   1.0000   1.0000
   0.1715   0.3091   0.4918   0.6766   1.0000   1.0000   1.0000   1.0000   1.0000
   0.1715   0.3091   0.4918   0.6766   1.0000   1.0000   1.0000   1.0000   1.0000
   0.1715   0.3091   0.4918   0.6766   1.0000   1.0000   1.0000   1.0000   1.0000
   0.1715   0.3091   0.4918   0.6766   1.0000   1.0000   1.0000   1.0000   1.0000
   0.1715   0.3091   0.4918   0.6766   1.0000   1.0000   1.0000   1.0000   1.0000
   0.1715   0.3091   0.4918   0.6766   1.0000   1.0000   1.0000   1.0000   1.0000
   0.0894   0.2206   0.4494   0.7019   1.0000   1.0000   1.0000   1.0000   1.0000
   0.0894   0.2206   0.4494   0.7019   1.0000   1.0000   1.0000   1.0000   1.0000
   0.0894   0.2206   0.4494   0.7019   1.0000   1.0000   1.0000   1.0000   1.0000
   0.0894   0.2206   0.4494   0.7019   1.0000   1.0000   1.0000   1.0000   1.0000
   0.0894   0.2206   0.4494   0.7019   1.0000   1.0000   1.0000   1.0000   1.0000
   0.0894   0.2206   0.4494   0.7019   1.0000   1.0000   1.0000   1.0000   1.0000
   0.0894   0.2206   0.4494   0.7019   1.0000   1.0000   1.0000   1.0000   1.0000
   0.0894   0.2206   0.4494   0.7019   1.0000   1.0000   1.0000   1.0000   1.0000
   0.0894   0.2206   0.4494   0.7019   1.0000   1.0000   1.0000   1.0000   1.0000
   0.0894   0.2206   0.4494   0.7019   1.0000   1.0000   1.0000   1.0000   1.0000
   0.0894   0.2206   0.4494   0.7019   1.0000   1.0000   1.0000   1.0000   1.0000
   0.0894   0.2206   0.4494   0.7019   1.0000   1.0000   1.0000   1.0000   1.0000
   0.0894   0.2206   0.4494   0.7019   1.0000   1.0000   1.0000   1.0000   1.0000
   0.0894   0.2206   0.4494   0.7019   1.0000   1.0000   1.0000   1.0000   1.0000
   0.0894   0.2206   0.4494   0.7019   1.0000   1.0000   1.0000   1.0000   1.0000
   0.0894   0.2206   0.4494   0.7019   1.0000   1.0000   1.0000   1.0000   1.0000
   0.0894   0.2206   0.4494   0.7019   1.0000   1.0000   1.0000   1.0000   1.0000
   0.0894   0.2206   0.4494   0.7019   1.0000   1.0000   1.0000   1.0000   1.0000
   0.0894   0.2206   0.4494   0.7019   1.0000   1.0000   1.0000   1.0000   1.0000
   0.0894   0.2206   0.4494   0.7019   1.0000   1.0000   1.0000   1.0000   1.0000
   0.0894   0.2206   0.4494   0.7019   1.0000   1.0000   1.0000   1.0000   1.0000
   0.0894   0.2206   0.4494   0.7019   1.0000   1.0000   1.0000   1.0000   1.0000
   0.0894   0.2206   0.4494   0.7019   1.0000   1.0000   1.0000   1.0000   1.0000
   0.0894   0.2206   0.4494   0.7019   1.0000   1.0000   1.0000   1.0000   1.0000
   0.0894   0.2206   0.4494   0.7019   1.0000   1.0000   1.0000   1.0000   1.0000
sel_baa
   7.8936   3.7781 118.3725 128.9090  31.9347   1.7702   1.3680   2.6526   3.4045
  80.3052  10.1862   3.6504  76.7572  56.4064  11.4586   0.5878   0.6895   1.4741
  43.1095 119.5955  11.9652   3.0782  43.7955  29.1977   5.3025   0.2487   0.9160
  10.8913  69.5510 146.8138  10.5000   2.1470  24.1311  13.4628   2.3533   0.3932
   2.0334  20.1355  97.8772 142.4900   7.4145   1.3516  13.0403   6.9889   1.3412
   4.2544   5.0892  35.7728 123.6270 134.6155   6.2716   0.6976   8.8971   5.4718
   0.9289  11.8938  10.6517  52.7549 131.8730 124.5440   4.7553   0.4384  10.5131
   3.8505   2.4763  29.3006  18.1286  65.9820 146.0867 119.0519   4.3423   9.6701
   3.1612  10.5671   6.1083  45.6808  20.0849  68.3234 120.9981  95.9589  11.0735
   0.7457  10.6512  27.0201  10.6548  56.6885  22.8361  59.3068 104.3177  88.9169
   1.8040   2.3360  25.8058  46.9161  13.8240  61.6269  21.0053  53.1939 167.5559
  16.6971   4.9727   5.4592  43.4369  56.4518  14.1433  54.4738  18.1285 181.3691
  11.7737  44.0066  10.6162   7.9805  47.7240  54.4819  11.3533  43.6700 148.6107
   4.9242  30.2299  82.7344  14.2093   7.0288  34.3464  32.2737   6.9775 108.6684
   5.0293  12.9326  60.2941 114.3946  13.4586   5.8499  24.4334  22.2356  73.2648
   6.1243  14.3204  25.0162  77.8744 107.6247  11.3094   3.0536  14.4548  54.6916
   4.6518  15.5933  29.2791  36.5714  83.7521 101.0998   9.2654   1.8668  46.7995
   8.9514  12.5938  30.5873  40.2588  36.5994  72.0974  71.7631   5.1737  26.1754
   2.4995  27.3166  28.6349  49.5109  45.4387  35.2920  58.5774  55.1767  18.9665
   2.5994   6.4718  56.4642  40.3391  49.0462  39.2750  24.5622  39.9422  47.0776
  13.3875   5.9121  13.0220  86.2576  44.5556  46.1698  30.4373  18.4905  61.6760
  21.3706  37.2037  12.9913  18.6174  85.1642  38.6539  33.4634  21.6565  50.7532
   7.1412  49.6248  74.4319  18.3139  17.1172  60.1825  23.6239  19.0144  40.4558
   2.4593  19.4151  99.7789  91.8132  15.7604  12.0045  37.5763  14.3776  35.9137
   2.0587   7.1455  41.4167 126.9483  81.7931  11.4453   7.2375  23.9887  30.4835
   6.0127   7.5151  16.8894  59.0878 132.2240  71.7721   8.2606   4.0206  36.9032
   6.7924  21.5412  19.5039  27.0407  71.0372 136.1922  66.7956   6.6636  33.2884
   7.4211  23.2888  51.9803  29.0812  27.4317  58.7299 107.5703  49.3027  27.9894
  12.8940  23.0289  50.4245  65.0978  25.8030  20.4697  38.0846  66.6994  46.3110
  17.8448  33.2098  44.0911  58.8706  53.6203  17.9859  12.0562  22.4081  67.9490
  13.1024  48.8905  63.4865  50.1630  46.3076  35.9398  10.6964   6.2225  47.7106
   9.9558  32.8148  86.6329  67.4313  35.3633  27.2050  18.9608   4.7803  25.9066
   5.4339  23.9104  58.7006  99.1916  53.3468  22.8667  15.6784  10.1711  16.5426
   8.4014  17.2347  53.0747  80.2549  98.2577  44.9722  17.1011  11.1073  18.5662
   5.4559  19.3809  35.5145  72.3014  78.1988  81.6877  34.5190  12.3453  20.5497
   3.3804  15.9081  45.7345  50.3799  76.0910  68.5857  65.7425  25.8175  22.1226
   2.0287  10.7854  37.7759  68.9375  50.4685  66.7078  53.4989  52.6597  36.1952
   7.4032   6.9320  26.2433  55.7822  69.4233  46.1520  53.4838  43.4344  68.8082
tot_sel_B
 300.0832 241.5154 257.2087 280.2434 292.6726 324.6971 348.3530 398.8889 381.9563 381.1379 394.0677 395.1325 380.2170 321.3925 331.8930 314.4693 328.8793 304.2003 321.4132 305.7778 319.9084 319.8741 309.9056 329.0991 332.5173 342.6855 388.8552 382.7955 348.8130 328.0359 322.5194 309.0508 305.8420 348.9702 359.9532 373.7622 379.0576 377.6625
est_seine_naa
   2.3941   1.0670  25.7532  24.9587   5.9402   0.3460   0.3569   0.3460   0.4074
  17.0113   1.8946   0.6474  10.1272   6.8063   1.3697   0.0630   0.0672   0.1434
  11.9017  25.9724   2.2832   0.5567   6.4947   3.8958   0.6696   0.0302   0.0990
   4.2471  20.3697  35.2613   2.2220   0.4163   4.2729   2.2039   0.3654   0.0526
   0.6169   4.2445  16.2766  20.3752   0.9678   0.1552   1.4007   0.7281   0.1350
   1.6680   1.4867   8.2630  23.1680  22.0999   0.9274   0.0965   1.1679   0.7167
   0.2002   1.9767   1.4233   5.7781  12.3054  10.5596   0.3712   0.0326   0.7587
   0.7115   0.3932   3.1470   1.6654   5.1678   9.9249   7.4157   0.2537   0.5345
   0.5697   1.4130   0.6330   3.7251   1.5047   4.2167   7.0479   5.2225   0.5392
   0.1057   1.2240   2.4614   0.8121   3.6504   1.3292   3.2180   5.3009   4.3076
   0.2519   0.2356   2.2116   3.2644   0.8210   3.3314   1.0519   2.5202   7.3947
   2.7724   0.7197   0.5452   3.7559   4.2322   0.9569   3.3660   1.0484   9.6677
   3.6728  10.4940   2.2032   1.2217   6.3804   6.4188   1.2486   4.3759  13.5850
   1.2502   5.9040  13.5522   2.0615   0.8398   3.8437   3.3108   0.6486   9.2124
   1.9871   3.6389  13.8468  23.1254   2.6605   0.9566   3.7408   3.1784   9.3313
   1.9590   3.7748   5.5422  15.1848  18.9131   1.9164   0.4712   2.0575   7.1181
   1.4515   3.7137   5.7454   6.1065  12.5678  13.8154   1.1705   0.2221   4.8818
   3.1112   3.5341   7.2678   8.1472   6.5096  11.8526  10.9817   0.7675   3.4430
   0.6347   5.9510   5.4171   8.0257   6.7139   4.7464   7.2513   6.6168   2.1303
   0.6772   1.3392  10.0698   6.6025   7.2163   5.3219   3.1656   4.8249   5.3443
   3.8192   1.3959   2.2127  11.9744   5.8488   5.5775   3.4764   1.9972   6.1132
