gs_seine
   0.0249   0.0614   0.1435   0.3002   0.5235   1.0000   1.0000   1.0000   1.0000
   0.0249   0.0614   0.1435   0.3002   0.5235   1.0000   1.0000   1.0000   1.0000
   0.0249   0.0614   0.1435   0.3002   0.5235   1.0000   1.0000   1.0000   1.0000
   0.0249   0.0614   0.1435   0.3002   0.5235   1.0000   1.0000   1.0000   1.0000
   0.0249   0.0614   0.1435   0.3002   0.5235   1.0000   1.0000   1.0000   1.0000
   0.0249   0.0614   0.1435   0.3002   0.5235   1.0000   1.0000   1.0000   1.0000
   0.0249   0.0614   0.1435   0.3002   0.5235   1.0000   1.0000   1.0000   1.0000
   0.0249   0.0614   0.1435   0.3002   0.5235   1.0000   1.0000   1.0000   1.0000
   0.0249   0.0614   0.1435   0.3002   0.5235   1.0000   1.0000   1.0000   1.0000
   0.0249   0.0614   0.1435   0.3002   0.5235   1.0000   1.0000   1.0000   1.0000
   0.0249   0.0614   0.1435   0.3002   0.5235   1.0000   1.0000   1.0000   1.0000
   0.0249   0.0614   0.1435   0.3002   0.5235   1.0000   1.0000   1.0000   1.0000
   0.0249   0.0614   0.1435   0.3002   0.5235   1.0000   1.0000   1.0000   1.0000
   0.0249   0.0614   0.1435   0.3002   0.5235   1.0000   1.0000   1.0000   1.0000
   0.0249   0.0614   0.1435   0.3002   0.5235   1.0000   1.0000   1.0000   1.0000
   0.0249   0.0614   0.1435   0.3002   0.5235   1.0000   1.0000   1.0000   1.0000
   0.0249   0.0614   0.1435   0.3002   0.5235   1.0000   1.0000   1.0000   1.0000
   0.0249   0.0614   0.1435   0.3002   0.5235   1.0000   1.0000   1.0000   1.0000
   0.0249   0.0614   0.1435   0.3002   0.5235   1.0000   1.0000   1.0000   1.0000
   0.0249   0.0614   0.1435   0.3002   0.5235   1.0000   1.0000   1.0000   1.0000
   0.0249   0.0614   0.1435   0.3002   0.5235   1.0000   1.0000   1.0000   1.0000
   0.0249   0.0614   0.1435   0.3002   0.5235   1.0000   1.0000   1.0000   1.0000
   0.0257   0.0777   0.2121   0.4623   0.7331   1.0000   1.0000   1.0000   1.0000
   0.0257   0.0777   0.2121   0.4623   0.7331   1.0000   1.0000   1.0000   1.0000
   0.0257   0.0777   0.2121   0.4623   0.7331   1.0000   1.0000   1.0000   1.0000
   0.0257   0.0777   0.2121   0.4623   0.7331   1.0000   1.0000   1.0000   1.0000
   0.0257   0.0777   0.2121   0.4623   0.7331   1.0000   1.0000   1.0000   1.0000
   0.0257   0.0777   0.2121   0.4623   0.7331   1.0000   1.0000   1.0000   1.0000
   0.0257   0.0777   0.2121   0.4623   0.7331   1.0000   1.0000   1.0000   1.0000
   0.0257   0.0777   0.2121   0.4623   0.7331   1.0000   1.0000   1.0000   1.0000
   0.0257   0.0777   0.2121   0.4623   0.7331   1.0000   1.0000   1.0000   1.0000
   0.0257   0.0777   0.2121   0.4623   0.7331   1.0000   1.0000   1.0000   1.0000
   0.0257   0.0777   0.2121   0.4623   0.7331   1.0000   1.0000   1.0000   1.0000
   0.0257   0.0777   0.2121   0.4623   0.7331   1.0000   1.0000   1.0000   1.0000
   0.0257   0.0777   0.2121   0.4623   0.7331   1.0000   1.0000   1.0000   1.0000
   0.0257   0.0777   0.2121   0.4623   0.7331   1.0000   1.0000   1.0000   1.0000
   0.0257   0.0777   0.2121   0.4623   0.7331   1.0000   1.0000   1.0000   1.0000
   0.0257   0.0777   0.2121   0.4623   0.7331   1.0000   1.0000   1.0000   1.0000
sel_naa
  31.2141   6.9587  48.8576  50.2009  14.2304   1.0000   1.0000   1.0000   1.0000
  31.2141  45.4367   9.4366  55.8695  44.3910  12.2997   0.2988   0.2986   0.5674
  31.2141  45.5025  62.5887  11.4447  54.4853  45.5511   5.6687   0.1280   0.3375
  31.2141  45.4964  61.1601  75.9961  11.2807  55.8229  21.0235   2.3986   0.0490
  31.2141  45.6891  62.0907  72.6254  74.1129  11.3281  24.3301   8.8120   0.9417
  31.2141  45.7690  63.1155  75.1334  70.5211  78.1556   5.0531  11.0910   4.2342
  31.2141  45.7407  63.2019  76.7814  72.8712  70.8884  36.8089   2.1149   6.3375
  31.2141  45.8198  63.4384  77.8476  77.1517  76.3506  35.1843  17.8273   3.6484
  31.2141  45.8323  63.5926  78.2146  78.8591  83.0377  38.3609  16.9901   9.7954
  31.2141  45.8475  63.6623  78.6423  79.4158  86.3991  42.7490  17.2490  11.7027
  31.2141  45.8570  63.7127  78.7164  80.2789  86.7445  45.7681  21.0227  12.2296
  31.2141  45.8616  63.7431  78.8536  80.2456  88.6876  45.7187  22.9921  13.8921
  31.2141  45.8462  63.7021  78.8225  80.1008  87.1941  46.6152  22.3404  15.5659
  31.2141  45.7915  63.4491  78.2080  79.0306  83.8062  41.8811  21.9136  14.7982
  31.2141  45.8200  63.4994  78.0588  79.1104  85.6556  42.3462  19.7558  15.3826
  31.2141  45.7641  63.3455  77.4823  76.8460  83.2386  40.7650  17.5913  11.5832
  31.2141  45.7722  63.3043  77.5943  77.3294  80.0878  40.5340  18.4276   7.4830
  31.2141  45.7868  63.3708  77.6843  77.7728  81.6089  37.5933  18.0321   8.0560
  31.2141  45.7699  63.3323  77.5886  77.4692  82.1121  38.4821  16.0163   8.6757
  31.2141  45.7935  63.3857  77.7428  77.4263  81.9753  40.1946  17.1415   7.4218
  31.2141  45.8007  63.4481  77.8732  78.1316  82.3200  40.5422  18.4821   7.7376
  31.2141  45.8055  63.4800  78.0543  77.9179  83.1064  40.6317  18.8914   9.0597
  32.2074  57.9810  93.8428 120.3031 110.0731  79.7791  41.2912  18.3548  11.1833
  32.2074  58.0386  93.9969 120.3864 110.4929  84.8359  40.1260  19.9044  12.5217
  32.2074  58.0213  94.0125 120.0842 108.2230  84.4343  43.7218  18.6228  13.6887
  32.2074  58.0260  94.0113 120.5539 109.5247  82.0817  43.8757  20.8911  13.4646
  32.2074  58.0161  93.9703 120.3995 109.8013  81.4072  40.6679  21.2462  14.8329
  32.2074  57.9815  93.7563 120.2104 109.6313  81.3487  39.8803  19.0074  15.9333
  32.2074  58.0370  94.0009 120.3844 110.5537  84.9134  41.7512  18.3683  15.7306
  32.2074  58.0160  93.9802 120.1130 109.3739  84.4112  43.6570  19.5041  14.1504
  32.2074  58.0360  94.0480 120.6521 110.1105  84.1351  44.2841  21.3933  13.9286
  32.2074  57.9976  93.8312 119.8227 108.1161  81.6951  42.1480  20.9732  14.6446
  32.2074  58.0060  93.8696 119.8921 108.6861  81.7655  41.7271  20.2669  15.4949
  32.2074  58.0289  93.9875 120.3084 109.3404  82.9823  42.3339  20.3287  15.8361
  32.2074  57.9954  93.8611 119.8366 107.8522  80.3454  41.0472  19.4065  14.9862
  32.2074  57.9878  93.7401 119.3928 107.4205  79.1682  40.0375  19.5395  15.2241
  32.2074  57.9875  93.7596 119.4949 108.0175  81.1639  40.3976  19.2428  15.4796
  32.2074  58.0213  93.9331 120.1739 109.4285  83.4139  42.7696  20.1571  15.9265
tot_sel_N
 155.4618 199.8123 256.9207 304.4414 331.1441 384.2870 405.9589 428.4822 445.8969 456.8818 465.5440 471.2085 471.4011 460.0925 460.8429 447.8300 441.7467 441.1190 440.6604 442.2955 445.5497 448.1611 565.0159 572.5103 573.0159 574.6362 572.5490 569.9567 575.9468 575.4133 578.7951 571.4359 571.9156 575.3535 567.5382 564.7179 567.7508 576.0313
est_seine_comp
   0.2008   0.0448   0.3143   0.3229   0.0915   0.0064   0.0064   0.0064   0.0064
   0.1562   0.2274   0.0472   0.2796   0.2222   0.0616   0.0015   0.0015   0.0028
   0.1215   0.1771   0.2436   0.0445   0.2121   0.1773   0.0221   0.0005   0.0013
   0.1025   0.1494   0.2009   0.2496   0.0371   0.1834   0.0691   0.0079   0.0002
   0.0943   0.1380   0.1875   0.2193   0.2238   0.0342   0.0735   0.0266   0.0028
   0.0812   0.1191   0.1642   0.1955   0.1835   0.2034   0.0131   0.0289   0.0110
   0.0769   0.1127   0.1557   0.1891   0.1795   0.1746   0.0907   0.0052   0.0156
   0.0728   0.1069   0.1481   0.1817   0.1801   0.1782   0.0821   0.0416   0.0085
   0.0700   0.1028   0.1426   0.1754   0.1769   0.1862   0.0860   0.0381   0.0220
   0.0683   0.1003   0.1393   0.1721   0.1738   0.1891   0.0936   0.0378   0.0256
   0.0670   0.0985   0.1369   0.1691   0.1724   0.1863   0.0983   0.0452   0.0263
   0.0662   0.0973   0.1353   0.1673   0.1703   0.1882   0.0970   0.0488   0.0295
   0.0662   0.0973   0.1351   0.1672   0.1699   0.1850   0.0989   0.0474   0.0330
   0.0678   0.0995   0.1379   0.1700   0.1718   0.1822   0.0910   0.0476   0.0322
   0.0677   0.0994   0.1378   0.1694   0.1717   0.1859   0.0919   0.0429   0.0334
   0.0697   0.1022   0.1414   0.1730   0.1716   0.1859   0.0910   0.0393   0.0259
   0.0707   0.1036   0.1433   0.1757   0.1751   0.1813   0.0918   0.0417   0.0169
   0.0708   0.1038   0.1437   0.1761   0.1763   0.1850   0.0852   0.0409   0.0183
   0.0708   0.1039   0.1437   0.1761   0.1758   0.1863   0.0873   0.0363   0.0197
   0.0706   0.1035   0.1433   0.1758   0.1751   0.1853   0.0909   0.0388   0.0168
   0.0701   0.1028   0.1424   0.1748   0.1754   0.1848   0.0910   0.0415   0.0174
   0.0696   0.1022   0.1416   0.1742   0.1739   0.1854   0.0907   0.0422   0.0202
   0.0570   0.1026   0.1661   0.2129   0.1948   0.1412   0.0731   0.0325   0.0198
   0.0563   0.1014   0.1642   0.2103   0.1930   0.1482   0.0701   0.0348   0.0219
   0.0562   0.1013   0.1641   0.2096   0.1889   0.1474   0.0763   0.0325   0.0239
   0.0560   0.1010   0.1636   0.2098   0.1906   0.1428   0.0764   0.0364   0.0234
   0.0563   0.1013   0.1641   0.2103   0.1918   0.1422   0.0710   0.0371   0.0259
   0.0565   0.1017   0.1645   0.2109   0.1924   0.1427   0.0700   0.0333   0.0280
   0.0559   0.1008   0.1632   0.2090   0.1920   0.1474   0.0725   0.0319   0.0273
   0.0560   0.1008   0.1633   0.2087   0.1901   0.1467   0.0759   0.0339   0.0246
   0.0556   0.1003   0.1625   0.2085   0.1902   0.1454   0.0765   0.0370   0.0241
   0.0564   0.1015   0.1642   0.2097   0.1892   0.1430   0.0738   0.0367   0.0256
   0.0563   0.1014   0.1641   0.2096   0.1900   0.1430   0.0730   0.0354   0.0271
   0.0560   0.1009   0.1634   0.2091   0.1900   0.1442   0.0736   0.0353   0.0275
   0.0567   0.1022   0.1654   0.2112   0.1900   0.1416   0.0723   0.0342   0.0264
   0.0570   0.1027   0.1660   0.2114   0.1902   0.1402   0.0709   0.0346   0.0270
   0.0567   0.1021   0.1651   0.2105   0.1903   0.1430   0.0712   0.0339   0.0273
   0.0559   0.1007   0.1631   0.2086   0.1900   0.1448   0.0742   0.0350   0.0276
res_c_comp
  -0.1923  -0.0390   0.1308   0.1036  -0.0075  -0.0027   0.0030  -0.0011   0.0052
   0.3367  -0.1472  -0.0316  -0.0463  -0.0981  -0.0137   0.0002   0.0020  -0.0020
   0.0951   0.3741  -0.2099  -0.0362  -0.0877  -0.1234  -0.0134   0.0015   0.0002
  -0.0862   0.1196   0.3823  -0.2308  -0.0188  -0.1119  -0.0461  -0.0079  -0.0002
  -0.0919  -0.0828   0.1775   0.2156  -0.1978   0.0400  -0.0364  -0.0214  -0.0028
  -0.0632  -0.1014  -0.0799   0.1322   0.2319  -0.1302   0.0288  -0.0128  -0.0055
  -0.0769  -0.0898  -0.1350  -0.0264   0.2371   0.1245  -0.0487   0.0200  -0.0046
  -0.0705  -0.1059  -0.0465  -0.0744   0.0766   0.2485   0.0002  -0.0292   0.0012
  -0.0605  -0.0272  -0.1269  -0.0101  -0.1186  -0.0035   0.2195   0.1162   0.0111
  -0.0668  -0.0248  -0.0516  -0.1360  -0.0194  -0.1295   0.0689   0.1930   0.1663
  -0.0662  -0.0932  -0.0707  -0.0305  -0.1348   0.0046  -0.0344   0.0986   0.3267
  -0.0460  -0.0954  -0.1269  -0.0653  -0.0253  -0.1430   0.0906   0.0198   0.3915
   0.1329   0.2141  -0.1228  -0.1569  -0.0785  -0.0937  -0.0770   0.0132   0.1687
  -0.0563   0.0542   0.2151  -0.1459  -0.1566  -0.0636   0.0205  -0.0161   0.1486
  -0.0632  -0.0710   0.0358   0.1908  -0.1377  -0.1623   0.0150   0.0478   0.1446
  -0.0577  -0.0472  -0.0494   0.0870   0.1294  -0.1329  -0.0700   0.0127   0.1252
  -0.0677  -0.0536  -0.0733  -0.0877   0.0519   0.0737  -0.0158   0.0043   0.1671
   0.0433  -0.0128   0.0233  -0.0281  -0.0903  -0.0250   0.0448  -0.0049   0.0517
  -0.0698  -0.0359  -0.0807  -0.0551  -0.0608  -0.0733   0.0587   0.1427   0.1743
  -0.0606  -0.0785   0.1637  -0.0468  -0.0311  -0.0783  -0.0429   0.0712   0.1042
  -0.0411  -0.0798  -0.1124   0.0242  -0.0074  -0.0848   0.0070   0.0655   0.2306
  -0.0406   0.0618  -0.0916  -0.1342   0.1181  -0.0914   0.0253   0.0238   0.1298
  -0.0370   0.2434   0.1459  -0.1729  -0.1518  -0.0372  -0.0291   0.0025   0.0362
  -0.0553  -0.0744   0.2008   0.0347  -0.1490  -0.0782   0.0219   0.0152   0.0841
  -0.0552  -0.0983  -0.1261   0.2274   0.0571  -0.1114  -0.0223   0.0385   0.0851
  -0.0547  -0.0969  -0.1535  -0.0665   0.2713   0.0539  -0.0210   0.0097   0.0578
  -0.0096   0.0232  -0.1122  -0.1597   0.0409   0.1030   0.0726  -0.0172   0.0583
  -0.0408   0.0139   0.0332  -0.1484  -0.0999   0.0594   0.1287   0.0276   0.0262
   0.0177   0.0049   0.0219  -0.0287  -0.1083  -0.0850   0.0306   0.0955   0.0499
   0.0970   0.0919  -0.0108  -0.0659  -0.0823  -0.0957  -0.0365   0.0225   0.0758
  -0.0282   0.1923   0.0759  -0.0804  -0.0901  -0.0778  -0.0310  -0.0043   0.0435
  -0.0550  -0.0446   0.1597   0.0219  -0.0480  -0.0379  -0.0211   0.0029   0.0221
  -0.0461   0.0013   0.0414   0.1690  -0.0369  -0.0725  -0.0347  -0.0156  -0.0064
  -0.0533  -0.0709  -0.0417   0.0745   0.1114  -0.0138  -0.0081  -0.0064   0.0083
  -0.0460  -0.0345  -0.0528   0.0443   0.0761   0.0325  -0.0082  -0.0056  -0.0056
  -0.0453  -0.0502  -0.0065  -0.0941   0.0360   0.0619   0.0911   0.0121  -0.0050
   0.0000   0.0000   0.0000   0.0000   0.0000   0.0000   0.0000   0.0000   0.0000
  -0.0277  -0.0732  -0.0742  -0.0316   0.0256   0.0412   0.0814   0.0439   0.0146
est_mat_comp
   0.2621   0.0524   0.3163   0.2672   0.0889   0.0033   0.0033   0.0033   0.0033
   0.2041   0.2664   0.0476   0.2316   0.2159   0.0313   0.0008   0.0008   0.0014
   0.1659   0.2168   0.2564   0.0386   0.2154   0.0943   0.0117   0.0003   0.0007
   0.1511   0.1975   0.2282   0.2332   0.0406   0.1052   0.0396   0.0045   0.0001
   0.1307   0.1715   0.2004   0.1927   0.2307   0.0185   0.0397   0.0144   0.0015
   0.1204   0.1582   0.1876   0.1836   0.2022   0.1173   0.0076   0.0166   0.0064
   0.1160   0.1524   0.1811   0.1809   0.2014   0.1026   0.0533   0.0031   0.0092
   0.1116   0.1469   0.1748   0.1764   0.2051   0.1063   0.0490   0.0248   0.0051
   0.1087   0.1431   0.1707   0.1726   0.2042   0.1125   0.0520   0.0230   0.0133
   0.1069   0.1408   0.1681   0.1708   0.2024   0.1153   0.0570   0.0230   0.0156
   0.1056   0.1391   0.1662   0.1688   0.2020   0.1143   0.0603   0.0277   0.0161
   0.1048   0.1381   0.1650   0.1678   0.2004   0.1159   0.0598   0.0301   0.0182
   0.1048   0.1380   0.1649   0.1678   0.2000   0.1140   0.0609   0.0292   0.0203
   0.0585   0.0872   0.1222   0.1513   0.2798   0.1553   0.0776   0.0406   0.0274
   0.0584   0.0871   0.1221   0.1508   0.2797   0.1585   0.0784   0.0366   0.0285
   0.0601   0.0895   0.1253   0.1539   0.2795   0.1585   0.0776   0.0335   0.0221
   0.0608   0.0905   0.1266   0.1558   0.2843   0.1541   0.0780   0.0355   0.0144
   0.0608   0.0905   0.1268   0.1561   0.2861   0.1571   0.0724   0.0347   0.0155
   0.0609   0.0906   0.1269   0.1561   0.2854   0.1583   0.0742   0.0309   0.0167
   0.0607   0.0904   0.1266   0.1559   0.2843   0.1576   0.0773   0.0330   0.0143
   0.0602   0.0897   0.1258   0.1550   0.2848   0.1571   0.0774   0.0353   0.0148
   0.0600   0.0893   0.1253   0.1547   0.2827   0.1578   0.0772   0.0359   0.0172
   0.0599   0.0893   0.1252   0.1547   0.2850   0.1514   0.0784   0.0348   0.0212
   0.0591   0.0881   0.1236   0.1526   0.2820   0.1587   0.0751   0.0372   0.0234
   0.0591   0.0881   0.1237   0.1523   0.2764   0.1581   0.0818   0.0349   0.0256
   0.0589   0.0878   0.1233   0.1524   0.2787   0.1531   0.0818   0.0390   0.0251
   0.0591   0.0881   0.1237   0.1527   0.2804   0.1524   0.0761   0.0398   0.0278
   0.0594   0.0885   0.1240   0.1532   0.2813   0.1530   0.0750   0.0357   0.0300
   0.0587   0.0875   0.1229   0.1517   0.2804   0.1579   0.0776   0.0341   0.0292
   0.0588   0.0876   0.1230   0.1516   0.2778   0.1572   0.0813   0.0363   0.0263
   0.0584   0.0871   0.1223   0.1513   0.2779   0.1557   0.0819   0.0396   0.0258
   0.0593   0.0883   0.1238   0.1524   0.2768   0.1533   0.0791   0.0394   0.0275
   0.0592   0.0882   0.1237   0.1523   0.2780   0.1533   0.0782   0.0380   0.0290
   0.0588   0.0877   0.1231   0.1519   0.2778   0.1546   0.0788   0.0379   0.0295
   0.0597   0.0890   0.1248   0.1536   0.2783   0.1520   0.0776   0.0367   0.0283
   0.0600   0.0895   0.1253   0.1538   0.2786   0.1505   0.0761   0.0372   0.0289
   0.0597   0.0889   0.1246   0.1530   0.2785   0.1534   0.0763   0.0364   0.0293
   0.0587   0.0876   0.1228   0.1515   0.2776   0.1551   0.0795   0.0375   0.0296
res_mat_comp
  -0.2115  -0.0437   0.0944   0.1177   0.0357   0.0022   0.0000   0.0011   0.0041
   0.4144  -0.1953  -0.0360  -0.0644  -0.1215   0.0025  -0.0002   0.0017  -0.0013
   0.0504   0.3354  -0.2259  -0.0298  -0.0963  -0.0342  -0.0022   0.0017   0.0008
  -0.0809   0.1908   0.2123  -0.2173  -0.0240  -0.0557  -0.0240  -0.0020   0.0008
  -0.1254  -0.1328   0.1372   0.2223  -0.1934   0.0941   0.0118  -0.0123  -0.0015
  -0.0898  -0.1343  -0.0899   0.1756   0.1832  -0.0597   0.0246  -0.0051  -0.0045
  -0.1160  -0.1324  -0.1513  -0.0064   0.2447   0.1638  -0.0081   0.0100  -0.0042
  -0.1094  -0.1428  -0.0712  -0.0623   0.0848   0.2956   0.0178  -0.0133   0.0007
  -0.0497  -0.0508  -0.1534  -0.0260  -0.1536   0.0507   0.2424   0.1140   0.0263
  -0.1060  -0.0446   0.0007  -0.1295  -0.0542  -0.0660   0.1031   0.1722   0.1243
  -0.1037  -0.1338  -0.0767  -0.0367  -0.1652   0.0622   0.0048   0.1205   0.3285
   0.0562  -0.1231  -0.1490   0.0162  -0.0184  -0.0659   0.0422   0.0169   0.2248
   0.0962   0.1720  -0.1569  -0.1588  -0.0760  -0.0120  -0.0349   0.0248   0.1457
  -0.0485   0.0148   0.1938  -0.1333  -0.2678  -0.0233   0.0624  -0.0076   0.2086
  -0.0554  -0.0621   0.0369   0.1872  -0.2507  -0.1285   0.0376   0.0704   0.1645
  -0.0481  -0.0345  -0.0333   0.1061   0.0215  -0.1055  -0.0566   0.0185   0.1290
   0.0000   0.0000   0.0000   0.0000   0.0000   0.0000   0.0000   0.0000   0.0000
   0.0643  -0.0205   0.0222  -0.0361  -0.1951   0.0139   0.0656   0.0173   0.0665
   0.0000   0.0000   0.0000   0.0000   0.0000   0.0000   0.0000   0.0000   0.0000
  -0.0557  -0.0734   0.0554  -0.0469  -0.1553  -0.0526  -0.0063   0.1120   0.2207
   0.0000   0.0000   0.0000   0.0000   0.0000   0.0000   0.0000   0.0000   0.0000
   0.0450   0.2467  -0.0633  -0.1187  -0.0577  -0.0988  -0.0182   0.0031   0.0628
   0.0000   0.0000   0.0000   0.0000   0.0000   0.0000   0.0000   0.0000   0.0000
   0.0000   0.0000   0.0000   0.0000   0.0000   0.0000   0.0000   0.0000   0.0000
   0.0000   0.0000   0.0000   0.0000   0.0000   0.0000   0.0000   0.0000   0.0000
  -0.0573  -0.0825  -0.1135  -0.0199   0.1640   0.0494  -0.0243   0.0153   0.0688
  -0.0000   0.0443  -0.0706  -0.1055  -0.0525   0.0905   0.0587  -0.0186   0.0527
  -0.0436   0.0271   0.0738  -0.0907  -0.1888   0.0492   0.1237   0.0252   0.0241
   0.0531   0.0381   0.0490   0.0131  -0.2059  -0.1045   0.0086   0.0932   0.0532
   0.1169   0.1197   0.0358  -0.0162  -0.1776  -0.1144  -0.0438   0.0106   0.0650
  -0.0334   0.1605   0.0962  -0.0205  -0.1669  -0.0702  -0.0265   0.0060   0.0549
   0.0000   0.0000   0.0000   0.0000   0.0000   0.0000   0.0000   0.0000   0.0000
  -0.0528  -0.0001   0.0696   0.2261  -0.1156  -0.0745  -0.0336  -0.0149  -0.0048
  -0.0568  -0.0623  -0.0058   0.1204   0.0154  -0.0147  -0.0066   0.0005   0.0100
  -0.0486  -0.0271  -0.0139   0.1005  -0.0082   0.0222  -0.0111  -0.0067  -0.0073
  -0.0511  -0.0483   0.0086  -0.0340  -0.0394   0.0607   0.0988   0.0126  -0.0079
   0.0000   0.0000   0.0000   0.0000   0.0000   0.0000   0.0000   0.0000   0.0000
   0.0056  -0.0627  -0.0568  -0.0122  -0.0753   0.0235   0.0884   0.0612   0.0284
naa
 1252.5000 113.2934 340.4351 167.2078  27.1842   1.0000   1.0000   1.0000   1.0000
 1252.5000 739.7429  65.7531 186.0887  84.7995  12.2997   0.2988   0.2986   0.5674
 1252.5000 740.8146 436.1122  38.1198 104.0826  45.5511   5.6687   0.1280   0.3375
 1252.5000 740.7155 426.1576 253.1258  21.5493  55.8229  21.0235   2.3986   0.0490
 1252.5000 743.8520 432.6423 241.8988 141.5768  11.3281  24.3301   8.8120   0.9417
 1252.5000 745.1523 439.7830 250.2522 134.7155  78.1556   5.0531  11.0910   4.2342
 1252.5000 744.6927 440.3849 255.7413 139.2047  70.8884  36.8089   2.1149   6.3375
 1252.5000 745.9800 442.0331 259.2927 147.3819  76.3506  35.1843  17.8273   3.6484
 1252.5000 746.1841 443.1077 260.5151 150.6435  83.0377  38.3609  16.9901   9.7954
 1252.5000 746.4309 443.5931 261.9395 151.7069  86.3991  42.7490  17.2490  11.7027
 1252.5000 746.5852 443.9443 262.1866 153.3556  86.7445  45.7681  21.0227  12.2296
 1252.5000 746.6608 444.1562 262.6434 153.2920  88.6876  45.7187  22.9921  13.8921
 1252.5000 746.4095 443.8702 262.5397 153.0153  87.1941  46.6152  22.3404  15.5659
 1252.5000 745.5193 442.1078 260.4931 150.9710  83.8062  41.8811  21.9136  14.7982
 1252.5000 745.9837 442.4577 259.9960 151.1235  85.6556  42.3462  19.7558  15.3826
 1252.5000 745.0726 441.3858 258.0758 146.7978  83.2386  40.7650  17.5913  11.5832
 1252.5000 745.2054 441.0986 258.4490 147.7214  80.0878  40.5340  18.4276   7.4830
 1252.5000 745.4425 441.5620 258.7486 148.5682  81.6089  37.5933  18.0321   8.0560
 1252.5000 745.1682 441.2939 258.4302 147.9883  82.1121  38.4821  16.0163   8.6757
 1252.5000 745.5519 441.6656 258.9436 147.9063  81.9753  40.1946  17.1415   7.4218
 1252.5000 745.6695 442.1002 259.3779 149.2538  82.3200  40.5422  18.4821   7.7376
 1252.5000 745.7479 442.3231 259.9810 148.8455  83.1064  40.6317  18.8914   9.0597
 1252.5000 745.8232 442.4193 260.2195 150.1567  79.7791  41.2912  18.3548  11.1833
 1252.5000 746.5639 443.1460 260.3997 150.7294  84.8359  40.1260  19.9044  12.5217
 1252.5000 746.3412 443.2194 259.7459 147.6329  84.4343  43.7218  18.6228  13.6887
 1252.5000 746.4008 443.2137 260.7619 149.4087  82.0817  43.8757  20.8911  13.4646
 1252.5000 746.2740 443.0205 260.4281 149.7861  81.4072  40.6679  21.2462  14.8329
 1252.5000 745.8290 442.0115 260.0191 149.5541  81.3487  39.8803  19.0074  15.9333
 1252.5000 746.5425 443.1646 260.3954 150.8124  84.9134  41.7512  18.3683  15.7306
 1252.5000 746.2734 443.0673 259.8084 149.2030  84.4112  43.6570  19.5041  14.1504
 1252.5000 746.5298 443.3870 260.9744 150.2078  84.1351  44.2841  21.3933  13.9286
 1252.5000 746.0359 442.3648 259.1803 147.4872  81.6951  42.1480  20.9732  14.6446
 1252.5000 746.1442 442.5458 259.3304 148.2647  81.7655  41.7271  20.2669  15.4949
 1252.5000 746.4389 443.1015 260.2309 149.1572  82.9823  42.3339  20.3287  15.8361
 1252.5000 746.0082 442.5058 259.2105 147.1271  80.3454  41.0472  19.4065  14.9862
 1252.5000 745.9097 441.9350 258.2505 146.5382  79.1682  40.0375  19.5395  15.2241
 1252.5000 745.9057 442.0273 258.4713 147.3526  81.1639  40.3976  19.2428  15.4796
 1252.5000 746.3405 442.8449 259.9401 149.2774  83.4139  42.7696  20.1571  15.9265
post_naa
 1239.1896 110.1472 311.7288 142.0530  20.6040   0.5271   0.5561   0.5791   0.5741
 1240.9850 730.5589  63.8569 174.3553  76.3055   9.9985   0.2384   0.2452   0.4469
 1240.8188 713.8833 424.0268  36.0987  93.5124  37.0813   4.4670   0.1056  -0.0095
 1246.0731 724.7463 405.2199 237.1642  18.9765  42.9135  16.4110   1.8368   0.0220
 1248.2513 736.7080 419.2132 225.6704 130.9234   8.9127  20.6553   7.5922   0.8077
 1247.4813 737.7163 428.4083 233.1906 118.7496  64.9236   3.9386   9.1629   3.5482
 1249.6377 740.4774 434.3574 246.8886 127.8996  62.0581  33.2006   1.7810   5.7564
 1249.9798 742.2775 436.4051 252.3523 139.1017  67.6611  31.6415  16.2389   3.2769
 1250.3931 743.0905 438.7913 254.1337 144.7326  75.4008  32.1236  14.7663   8.8412
 1250.6516 743.6789 439.2052 256.8956 145.3111  80.7258  39.1515  14.7316   9.9827
 1250.7782 744.0339 439.9704 256.7890 148.5662  80.6387  42.8193  18.7619   9.1845
 1250.3573 743.5548 439.7968 256.3256 146.0642  82.2199  41.6056  20.8239  10.5021
 1248.8661 740.6025 436.3683 252.9010 140.3890  73.8700  40.8108  18.6162  11.2392
 1249.6441 741.1886 435.5356 253.1565 143.4871  74.6904  36.7922  19.4366  11.5923
 1248.1178 739.3930 432.3190 245.9102 139.4381  71.9014  32.7612  14.4083   8.9710
 1248.3403 738.9120 432.9442 247.4573 134.1601  71.4939  34.3185  12.8831   1.9955
 1248.7375 739.6881 433.4460 248.8759 136.7081  66.3071  33.5821  14.7893   1.1710
 1248.2779 739.2390 432.9126 247.9044 137.5512  67.8748  29.8279  13.5501   3.7874
 1248.9207 739.8618 433.7726 247.7671 137.3219  70.8954  31.9234  11.0357   3.8309
 1249.1176 740.5897 434.5002 250.0244 137.8994  71.5084  34.4201  13.0410   2.3616
 1249.2490 740.9631 435.5105 249.3404 139.2168  71.6663  35.1823  14.3532   3.7389
 1249.3751 741.1242 435.9100 251.5369 133.6430  72.8296  34.1830  15.8571   6.5927
 1250.6160 742.3415 436.2119 252.4963 142.1139  70.7744  37.0689  16.0741   9.1682
 1250.2429 742.4646 435.1167 247.3091 141.4412  77.1166  34.6820  17.4935  10.1062
 1250.3428 742.4550 436.8186 250.2839 137.5003  77.3880  38.9064  16.3574  10.8438
 1250.1303 742.1314 436.2594 250.9160 136.3704  71.7302  39.5677  18.5105  11.4243
 1249.3848 740.4412 435.5742 250.5275 136.2724  70.3409  35.3984  19.4012  12.7846
 1250.5801 742.3727 436.2047 252.6353 142.2437  73.6408  34.2082  17.3656  14.5232
 1250.1293 742.2098 435.2213 249.9393 141.4025  77.0023  36.3233  14.8888  13.8427
 1250.5588 742.7453 437.1746 251.6225 140.9400  78.1083  39.8417  17.0599  11.0701
 1249.7315 741.0330 434.1692 247.0650 136.8526  74.3407  39.0594  18.3805  11.1676
 1249.9128 741.3362 434.4206 248.3675 136.9705  73.5984  37.7441  18.6083  12.7083
 1250.4066 742.2671 435.9290 249.8626 139.0088  74.6687  37.8591  18.2039  13.8534
 1249.6851 741.2692 434.2198 246.4619 134.5916  72.3992  36.1417  17.1475  13.1944
 1249.5200 740.3131 432.6115 245.4754 132.6197  70.6182  36.3893  17.3014  13.5295
 1249.5133 740.4676 432.9815 246.8396 135.9627  71.2534  35.8368  17.5836  13.7654
 1250.2417 741.8372 435.4419 250.0639 139.7319  75.4372  37.5394  17.8808  14.3865
 1250.1650 742.1237 435.9497 250.9005 140.6883  76.6971  39.0858  18.3504  14.6234
Sur
   0.5970   0.5970   0.5970   0.5970   0.5970   0.5670   0.5370   0.5070   0.4770
   0.5970   0.5970   0.5970   0.5970   0.5970   0.5670   0.5370   0.5070   0.4770
   0.5970   0.5970   0.5970   0.5970   0.5970   0.5670   0.5370   0.5070   0.4770
   0.5970   0.5970   0.5970   0.5970   0.5970   0.5670   0.5370   0.5070   0.4770
   0.5970   0.5970   0.5970   0.5970   0.5970   0.5670   0.5370   0.5070   0.4770
   0.5970   0.5970   0.5970   0.5970   0.5970   0.5670   0.5370   0.5070   0.4770
   0.5970   0.5970   0.5970   0.5970   0.5970   0.5670   0.5370   0.5070   0.4770
   0.5970   0.5970   0.5970   0.5970   0.5970   0.5670   0.5370   0.5070   0.4770
   0.5970   0.5970   0.5970   0.5970   0.5970   0.5670   0.5370   0.5070   0.4770
   0.5970   0.5970   0.5970   0.5970   0.5970   0.5670   0.5370   0.5070   0.4770
   0.5970   0.5970   0.5970   0.5970   0.5970   0.5670   0.5370   0.5070   0.4770
   0.5970   0.5970   0.5970   0.5970   0.5970   0.5670   0.5370   0.5070   0.4770
   0.5970   0.5970   0.5970   0.5970   0.5970   0.5670   0.5370   0.5070   0.4770
   0.5970   0.5970   0.5970   0.5970   0.5970   0.5670   0.5370   0.5070   0.4770
   0.5970   0.5970   0.5970   0.5970   0.5970   0.5670   0.5370   0.5070   0.4770
   0.5970   0.5970   0.5970   0.5970   0.5970   0.5670   0.5370   0.5070   0.4770
   0.5970   0.5970   0.5970   0.5970   0.5970   0.5670   0.5370   0.5070   0.4770
   0.5970   0.5970   0.5970   0.5970   0.5970   0.5670   0.5370   0.5070   0.4770
   0.5970   0.5970   0.5970   0.5970   0.5970   0.5670   0.5370   0.5070   0.4770
   0.5970   0.5970   0.5970   0.5970   0.5970   0.5670   0.5370   0.5070   0.4770
   0.5970   0.5970   0.5970   0.5970   0.5970   0.5670   0.5370   0.5070   0.4770
   0.5970   0.5970   0.5970   0.5970   0.5970   0.5670   0.5370   0.5070   0.4770
   0.5970   0.5970   0.5970   0.5970   0.5970   0.5670   0.5370   0.5070   0.4770
   0.5970   0.5970   0.5970   0.5970   0.5970   0.5670   0.5370   0.5070   0.4770
   0.5970   0.5970   0.5970   0.5970   0.5970   0.5670   0.5370   0.5070   0.4770
   0.5970   0.5970   0.5970   0.5970   0.5970   0.5670   0.5370   0.5070   0.4770
   0.5970   0.5970   0.5970   0.5970   0.5970   0.5670   0.5370   0.5070   0.4770
   0.5970   0.5970   0.5970   0.5970   0.5970   0.5670   0.5370   0.5070   0.4770
   0.5970   0.5970   0.5970   0.5970   0.5970   0.5670   0.5370   0.5070   0.4770
   0.5970   0.5970   0.5970   0.5970   0.5970   0.5670   0.5370   0.5070   0.4770
   0.5970   0.5970   0.5970   0.5970   0.5970   0.5670   0.5370   0.5070   0.4770
   0.5970   0.5970   0.5970   0.5970   0.5970   0.5670   0.5370   0.5070   0.4770
   0.5970   0.5970   0.5970   0.5970   0.5970   0.5670   0.5370   0.5070   0.4770
   0.5970   0.5970   0.5970   0.5970   0.5970   0.5670   0.5370   0.5070   0.4770
   0.5970   0.5970   0.5970   0.5970   0.5970   0.5670   0.5370   0.5070   0.4770
   0.5970   0.5970   0.5970   0.5970   0.5970   0.5670   0.5370   0.5070   0.4770
   0.5970   0.5970   0.5970   0.5970   0.5970   0.5670   0.5370   0.5070   0.4770
   0.5970   0.5970   0.5970   0.5970   0.5970   0.5670   0.5370   0.5070   0.4770
mat_naa
  80.1735  16.0260  96.7363  81.7382  27.1842   1.0000   1.0000   1.0000   1.0000
  80.1735 104.6412  18.6841  90.9679  84.7995  12.2997   0.2988   0.2986   0.5674
  80.1735 104.7928 123.9234  18.6345 104.0826  45.5511   5.6687   0.1280   0.3375
  80.1735 104.7787 121.0948 123.7384  21.5493  55.8229  21.0235   2.3986   0.0490
  80.1735 105.2224 122.9374 118.2502 141.5768  11.3281  24.3301   8.8120   0.9417
  80.1735 105.4064 124.9665 122.3337 134.7155  78.1556   5.0531  11.0910   4.2342
  80.1735 105.3413 125.1375 125.0170 139.2047  70.8884  36.8089   2.1149   6.3375
  80.1735 105.5234 125.6059 126.7531 147.3819  76.3506  35.1843  17.8273   3.6484
  80.1735 105.5523 125.9112 127.3506 150.6435  83.0377  38.3609  16.9901   9.7954
  80.1735 105.5872 126.0491 128.0470 151.7069  86.3991  42.7490  17.2490  11.7027
  80.1735 105.6090 126.1489 128.1677 153.3556  86.7445  45.7681  21.0227  12.2296
  80.1735 105.6197 126.2092 128.3910 153.2920  88.6876  45.7187  22.9921  13.8921
  80.1735 105.5842 126.1279 128.3404 153.0153  87.1941  46.6152  22.3404  15.5659
  31.5737  47.0234  65.9266  81.6104 150.9710  83.8062  41.8811  21.9136  14.7982
  31.5737  47.0527  65.9788  81.4547 151.1235  85.6556  42.3462  19.7558  15.3826
  31.5737  46.9952  65.8190  80.8531 146.7978  83.2386  40.7650  17.5913  11.5832
  31.5737  47.0036  65.7761  80.9700 147.7214  80.0878  40.5340  18.4276   7.4830
  31.5737  47.0186  65.8452  81.0639 148.5682  81.6089  37.5933  18.0321   8.0560
  31.5737  47.0013  65.8053  80.9641 147.9883  82.1121  38.4821  16.0163   8.6757
  31.5737  47.0255  65.8607  81.1250 147.9063  81.9753  40.1946  17.1415   7.4218
  31.5737  47.0329  65.9255  81.2610 149.2538  82.3200  40.5422  18.4821   7.7376
  31.5737  47.0378  65.9587  81.4500 148.8455  83.1064  40.6317  18.8914   9.0597
  31.5737  47.0426  65.9731  81.5247 150.1567  79.7791  41.2912  18.3548  11.1833
  31.5737  47.0893  66.0814  81.5812 150.7294  84.8359  40.1260  19.9044  12.5217
  31.5737  47.0752  66.0924  81.3764 147.6329  84.4343  43.7218  18.6228  13.6887
  31.5737  47.0790  66.0915  81.6946 149.4087  82.0817  43.8757  20.8911  13.4646
  31.5737  47.0710  66.0627  81.5901 149.7861  81.4072  40.6679  21.2462  14.8329
  31.5737  47.0429  65.9123  81.4619 149.5541  81.3487  39.8803  19.0074  15.9333
  31.5737  47.0879  66.0842  81.5798 150.8124  84.9134  41.7512  18.3683  15.7306
  31.5737  47.0710  66.0697  81.3959 149.2030  84.4112  43.6570  19.5041  14.1504
  31.5737  47.0871  66.1174  81.7612 150.2078  84.1351  44.2841  21.3933  13.9286
  31.5737  47.0560  65.9650  81.1991 147.4872  81.6951  42.1480  20.9732  14.6446
  31.5737  47.0628  65.9919  81.2462 148.2647  81.7655  41.7271  20.2669  15.4949
  31.5737  47.0814  66.0748  81.5283 149.1572  82.9823  42.3339  20.3287  15.8361
  31.5737  47.0542  65.9860  81.2086 147.1271  80.3454  41.0472  19.4065  14.9862
  31.5737  47.0480  65.9009  80.9078 146.5382  79.1682  40.0375  19.5395  15.2241
  31.5737  47.0478  65.9146  80.9770 147.3526  81.1639  40.3976  19.2428  15.4796
  31.5737  47.0752  66.0365  81.4372 149.2774  83.4139  42.7696  20.1571  15.9265
maturity
   0.0640   0.1415   0.2842   0.4888   1.0000   1.0000   1.0000   1.0000   1.0000
   0.0640   0.1415   0.2842   0.4888   1.0000   1.0000   1.0000   1.0000   1.0000
   0.0640   0.1415   0.2842   0.4888   1.0000   1.0000   1.0000   1.0000   1.0000
   0.0640   0.1415   0.2842   0.4888   1.0000   1.0000   1.0000   1.0000   1.0000
   0.0640   0.1415   0.2842   0.4888   1.0000   1.0000   1.0000   1.0000   1.0000
   0.0640   0.1415   0.2842   0.4888   1.0000   1.0000   1.0000   1.0000   1.0000
   0.0640   0.1415   0.2842   0.4888   1.0000   1.0000   1.0000   1.0000   1.0000
   0.0640   0.1415   0.2842   0.4888   1.0000   1.0000   1.0000   1.0000   1.0000
   0.0640   0.1415   0.2842   0.4888   1.0000   1.0000   1.0000   1.0000   1.0000
   0.0640   0.1415   0.2842   0.4888   1.0000   1.0000   1.0000   1.0000   1.0000
   0.0640   0.1415   0.2842   0.4888   1.0000   1.0000   1.0000   1.0000   1.0000
   0.0640   0.1415   0.2842   0.4888   1.0000   1.0000   1.0000   1.0000   1.0000
   0.0640   0.1415   0.2842   0.4888   1.0000   1.0000   1.0000   1.0000   1.0000
   0.0252   0.0631   0.1491   0.3133   1.0000   1.0000   1.0000   1.0000   1.0000
   0.0252   0.0631   0.1491   0.3133   1.0000   1.0000   1.0000   1.0000   1.0000
   0.0252   0.0631   0.1491   0.3133   1.0000   1.0000   1.0000   1.0000   1.0000
   0.0252   0.0631   0.1491   0.3133   1.0000   1.0000   1.0000   1.0000   1.0000
   0.0252   0.0631   0.1491   0.3133   1.0000   1.0000   1.0000   1.0000   1.0000
   0.0252   0.0631   0.1491   0.3133   1.0000   1.0000   1.0000   1.0000   1.0000
   0.0252   0.0631   0.1491   0.3133   1.0000   1.0000   1.0000   1.0000   1.0000
   0.0252   0.0631   0.1491   0.3133   1.0000   1.0000   1.0000   1.0000   1.0000
   0.0252   0.0631   0.1491   0.3133   1.0000   1.0000   1.0000   1.0000   1.0000
   0.0252   0.0631   0.1491   0.3133   1.0000   1.0000   1.0000   1.0000   1.0000
   0.0252   0.0631   0.1491   0.3133   1.0000   1.0000   1.0000   1.0000   1.0000
   0.0252   0.0631   0.1491   0.3133   1.0000   1.0000   1.0000   1.0000   1.0000
   0.0252   0.0631   0.1491   0.3133   1.0000   1.0000   1.0000   1.0000   1.0000
   0.0252   0.0631   0.1491   0.3133   1.0000   1.0000   1.0000   1.0000   1.0000
   0.0252   0.0631   0.1491   0.3133   1.0000   1.0000   1.0000   1.0000   1.0000
   0.0252   0.0631   0.1491   0.3133   1.0000   1.0000   1.0000   1.0000   1.0000
   0.0252   0.0631   0.1491   0.3133   1.0000   1.0000   1.0000   1.0000   1.0000
   0.0252   0.0631   0.1491   0.3133   1.0000   1.0000   1.0000   1.0000   1.0000
   0.0252   0.0631   0.1491   0.3133   1.0000   1.0000   1.0000   1.0000   1.0000
   0.0252   0.0631   0.1491   0.3133   1.0000   1.0000   1.0000   1.0000   1.0000
   0.0252   0.0631   0.1491   0.3133   1.0000   1.0000   1.0000   1.0000   1.0000
   0.0252   0.0631   0.1491   0.3133   1.0000   1.0000   1.0000   1.0000   1.0000
   0.0252   0.0631   0.1491   0.3133   1.0000   1.0000   1.0000   1.0000   1.0000
   0.0252   0.0631   0.1491   0.3133   1.0000   1.0000   1.0000   1.0000   1.0000
   0.0252   0.0631   0.1491   0.3133   1.0000   1.0000   1.0000   1.0000   1.0000
sel_baa
  40.7590   9.7581  88.9395 102.6869  30.2986   2.0262   1.5181   3.0361   3.3095
  28.1191  46.6164  10.1538  80.8073  70.2037  19.6364   0.5324   0.5843   1.1131
  22.8407  42.3286  66.2622  12.7846  74.2247  68.9683   9.0683   0.2130   0.6305
  18.2502  35.4178  58.0580  81.8769  13.2652  71.8778  29.2798   3.5218   0.0835
  13.9507  29.3883  50.6260  68.8654  76.9901  13.3757  30.7116  11.4693   1.2683
  12.3464  24.2966  42.3741  62.1734  66.6147  81.9615   5.6674  13.1030   5.0135
  11.9179  22.6473  38.9214  57.6864  64.2623  68.8001  38.8074   2.3391   7.2263
  11.5171  19.6761  40.2706  57.7749  67.1617  76.6210  38.5113  20.8029   4.5000
   9.6604  19.1184  34.2282  53.4999  58.7159  75.0492  36.7352  17.4132  11.2213
  10.8012  19.5680  34.2778  50.6057  60.4898  72.8058  38.6431  16.6494  11.8485
  10.1244  20.5869  33.6667  51.2327  61.2166  72.6684  41.3889  20.0950  12.5492
  10.7976  18.2003  36.6597  52.3784  61.4773  75.2852  42.4967  22.8356  14.9690
  10.5283  20.2291  32.2969  54.1757  63.0405  77.8715  44.5978  23.4588  17.9168
  10.8549  20.7016  34.2005  47.5953  58.4022  66.1207  36.0469  20.8138  15.4123
  10.7084  22.0727  37.4788  52.3392  54.2460  71.0013  37.4906  18.7337  16.3708
  12.4067  22.0732  36.3526  50.5210  55.5972  62.4526  33.5893  15.7125  11.3152
  11.2492  21.6119  36.2770  52.2569  57.9488  65.9046  36.0803  17.4160   8.0667
  11.3228  20.5711  33.6251  48.3971  55.1287  62.5857  30.9723  15.3258   7.7216
  13.2461  22.6407  36.0767  51.5808  56.5005  65.7946  33.5001  14.3927   8.3239
  12.0708  22.2961  35.8090  47.8548  53.0189  60.9511  31.4220  14.2969   6.5869
  10.4162  18.4660  35.5461  53.4021  56.6616  64.8712  33.7918  16.2894   7.4316
  11.4813  21.2677  35.1445  54.3447  62.1737  71.1402  37.3654  18.1473   9.4015
   9.8667  21.4216  43.0626  65.7418  71.0652  57.8241  31.5818  14.7181   9.5197
  11.0263  22.9278  44.7210  67.3949  71.9296  63.5791  32.6428  17.0612  11.4537
   9.1898  24.1542  44.8011  63.6411  66.5345  58.1804  34.1286  15.5733  12.0679
  10.5651  22.7202  46.9172  63.9628  64.8938  54.3081  32.1130  16.5700  11.3155
  10.4755  24.5404  46.4682  72.3438  73.0775  59.3921  33.7771  18.8831  14.1221
  10.1468  24.1721  48.7855  69.9188  74.0984  59.2570  32.1144  16.5350  15.2861
   9.9944  23.5390  47.6109  68.1726  68.5139  59.4105  31.0987  14.3204  13.1191
   8.7877  21.3749  45.7314  70.1374  70.8994  59.4121  34.3694  16.1344  12.3633
  10.5841  21.8278  45.1159  70.5668  74.4526  61.7460  36.3089  18.3814  12.5199
  11.4415  24.0542  42.8569  65.6320  69.8151  59.4733  32.8223  17.5072  12.9488
  11.6466  23.2018  44.1804  61.5808  64.2070  53.8933  30.6652  15.0435  13.3210
  15.2872  28.6670  48.4239  68.9293  67.8425  57.2617  32.6509  16.8390  14.2995
  13.2965  25.2935  51.4239  69.9124  69.7346  54.4259  32.0149  17.3784  14.2885
  12.5627  26.4608  49.5098  74.1693  72.9973  56.9036  29.6714  15.7247  13.3048
  11.7182  26.3330  50.1842  72.7801  70.9625  57.4037  29.4644  15.0492  13.0798
  10.7836  25.9830  50.4712  71.0947  68.8108  57.5163  30.4184  15.1720  12.8826
tot_sel_B
 282.3320 257.7664 297.3210 311.6310 296.6455 313.5504 312.6083 336.8357 315.6416 315.6895 323.5288 335.0998 344.1153 310.1482 320.4415 300.0204 306.8113 285.6503 302.0563 284.3065 296.8758 320.4661 324.8016 342.7363 328.2708 323.3658 353.0798 350.3142 335.7794 339.2101 351.5034 336.5513 317.7397 350.2010 347.7687 351.3045 346.9751 343.1327
est_seine_naa
  13.1394   2.9292  20.5663  21.1318   5.9902   0.4209   0.4209   0.4209   0.4209
   5.5810   8.1240   1.6872   9.9894   7.9370   2.1992   0.0534   0.0534   0.1014
   5.4552   7.9523  10.9384   2.0001   9.5222   7.9608   0.9907   0.0224   0.0590
   6.3999   9.3282  12.5397  15.5816   2.3129  11.4454   4.3105   0.4918   0.0100
   4.1757   6.1120   8.3062   9.7154   9.9144   1.5154   3.2547   1.1788   0.1260
   5.0127   7.3500  10.1357  12.0657  11.3250  12.5510   0.8115   1.7811   0.6800
   2.8623   4.1943   5.7955   7.0407   6.6821   6.5003   3.3753   0.1939   0.5811
   2.5202   3.6995   5.1220   6.2854   6.2292   6.1645   2.8408   1.4394   0.2946
   2.1069   3.0936   4.2924   5.2794   5.3229   5.6049   2.5893   1.1468   0.6612
   1.8484   2.7149   3.7699   4.6569   4.7027   5.1163   2.5315   1.0214   0.6930
   1.7218   2.5295   3.5144   4.3420   4.4282   4.7848   2.5246   1.1596   0.6746
   2.1140   3.1060   4.3170   5.3404   5.4347   6.0064   3.0963   1.5572   0.9409
   3.6289   5.3300   7.4059   9.1638   9.3124  10.1370   5.4194   2.5973   1.8097
   2.8559   4.1897   5.8053   7.1556   7.2309   7.6678   3.8319   2.0050   1.3540
   4.3822   6.4327   8.9147  10.9588  11.1064  12.0253   5.9450   2.7735   2.1596
   4.1597   6.0987   8.4416  10.3255  10.2407  11.0926   5.4325   2.3443   1.5436
   3.7625   5.5173   7.6306   9.3531   9.3212   9.6537   4.8859   2.2212   0.9020
   4.1909   6.1475   8.5084  10.4302  10.4421  10.9571   5.0474   2.4211   1.0816
   3.5793   5.2484   7.2623   8.8971   8.8834   9.4158   4.4127   1.8366   0.9948
   3.3824   4.9622   6.8685   8.4242   8.3899   8.8828   4.3555   1.8574   0.8042
