gs_seine
   0.0763   0.1834   0.3790   0.6240   0.8185   1.0000   1.0000   1.0000   1.0000
   0.0763   0.1834   0.3790   0.6240   0.8185   1.0000   1.0000   1.0000   1.0000
   0.0763   0.1834   0.3790   0.6240   0.8185   1.0000   1.0000   1.0000   1.0000
   0.0763   0.1834   0.3790   0.6240   0.8185   1.0000   1.0000   1.0000   1.0000
   0.0763   0.1834   0.3790   0.6240   0.8185   1.0000   1.0000   1.0000   1.0000
   0.0763   0.1834   0.3790   0.6240   0.8185   1.0000   1.0000   1.0000   1.0000
   0.0763   0.1834   0.3790   0.6240   0.8185   1.0000   1.0000   1.0000   1.0000
   0.0763   0.1834   0.3790   0.6240   0.8185   1.0000   1.0000   1.0000   1.0000
   0.0763   0.1834   0.3790   0.6240   0.8185   1.0000   1.0000   1.0000   1.0000
   0.0763   0.1834   0.3790   0.6240   0.8185   1.0000   1.0000   1.0000   1.0000
   0.0763   0.1834   0.3790   0.6240   0.8185   1.0000   1.0000   1.0000   1.0000
   0.0763   0.1834   0.3790   0.6240   0.8185   1.0000   1.0000   1.0000   1.0000
   0.0763   0.1834   0.3790   0.6240   0.8185   1.0000   1.0000   1.0000   1.0000
   0.0763   0.1834   0.3790   0.6240   0.8185   1.0000   1.0000   1.0000   1.0000
   0.0763   0.1834   0.3790   0.6240   0.8185   1.0000   1.0000   1.0000   1.0000
   0.0763   0.1834   0.3790   0.6240   0.8185   1.0000   1.0000   1.0000   1.0000
   0.0763   0.1834   0.3790   0.6240   0.8185   1.0000   1.0000   1.0000   1.0000
   0.0763   0.1834   0.3790   0.6240   0.8185   1.0000   1.0000   1.0000   1.0000
   0.0763   0.1834   0.3790   0.6240   0.8185   1.0000   1.0000   1.0000   1.0000
   0.0763   0.1834   0.3790   0.6240   0.8185   1.0000   1.0000   1.0000   1.0000
   0.0763   0.1834   0.3790   0.6240   0.8185   1.0000   1.0000   1.0000   1.0000
   0.0763   0.1834   0.3790   0.6240   0.8185   1.0000   1.0000   1.0000   1.0000
   0.1743   0.3647   0.6094   0.8092   0.9202   1.0000   1.0000   1.0000   1.0000
   0.1743   0.3647   0.6094   0.8092   0.9202   1.0000   1.0000   1.0000   1.0000
   0.1743   0.3647   0.6094   0.8092   0.9202   1.0000   1.0000   1.0000   1.0000
   0.1743   0.3647   0.6094   0.8092   0.9202   1.0000   1.0000   1.0000   1.0000
   0.1743   0.3647   0.6094   0.8092   0.9202   1.0000   1.0000   1.0000   1.0000
   0.1743   0.3647   0.6094   0.8092   0.9202   1.0000   1.0000   1.0000   1.0000
   0.1743   0.3647   0.6094   0.8092   0.9202   1.0000   1.0000   1.0000   1.0000
   0.1743   0.3647   0.6094   0.8092   0.9202   1.0000   1.0000   1.0000   1.0000
   0.1743   0.3647   0.6094   0.8092   0.9202   1.0000   1.0000   1.0000   1.0000
   0.1743   0.3647   0.6094   0.8092   0.9202   1.0000   1.0000   1.0000   1.0000
   0.1743   0.3647   0.6094   0.8092   0.9202   1.0000   1.0000   1.0000   1.0000
   0.1743   0.3647   0.6094   0.8092   0.9202   1.0000   1.0000   1.0000   1.0000
   0.1743   0.3647   0.6094   0.8092   0.9202   1.0000   1.0000   1.0000   1.0000
   0.1743   0.3647   0.6094   0.8092   0.9202   1.0000   1.0000   1.0000   1.0000
   0.1743   0.3647   0.6094   0.8092   0.9202   1.0000   1.0000   1.0000   1.0000
   0.1743   0.3647   0.6094   0.8092   0.9202   1.0000   1.0000   1.0000   1.0000
sel_naa
  95.5715  13.9713 126.1211 116.8584  31.5261   1.6095   3.1235   1.0000   1.0000
  95.5715 181.3170  22.3121 151.2558 106.9099  26.0248   0.9872   1.8988   1.1487
  95.5715 181.9896 296.0478  28.5791 151.3706  98.6695  18.7010   0.6794   1.9825
  95.5715 182.0808 292.2411 381.4248  28.9817 140.6532  71.5343  12.9450   1.5371
  95.5715 183.0046 296.1884 373.0435 386.9893  26.9061 101.5149  49.9450   9.6399
  95.5715 183.3320 300.7247 383.2972 380.2861 368.8387  19.4356  72.6741  40.7868
  95.5715 183.2869 301.3321 390.5569 390.8652 358.1251 274.2919  13.6927  76.6582
  95.5715 183.5036 302.1334 394.1657 404.3530 373.0200 269.2855 199.3612  60.7011
  95.5715 183.5435 302.6545 395.5065 409.5924 388.9979 281.2275 195.9395 180.0848
  95.5715 183.5819 302.8735 396.8430 411.4029 396.1264 294.5558 203.0410 257.6346
  95.5715 183.6035 303.0112 397.0664 413.6638 397.5021 301.5875 215.0380 314.4483
  95.5715 183.6151 303.0978 397.4520 413.6751 401.0346 302.3027 220.8508 360.8069
  95.5715 183.5850 303.0207 397.4941 413.6478 399.2885 305.0895 220.5233 395.6881
  95.5715 183.4858 302.4189 396.2591 412.1153 395.6228 299.4101 221.3779 415.3916
  95.5715 183.5461 302.5937 395.7784 412.1289 397.9969 299.2722 217.5477 431.9274
  95.5715 183.4423 302.2757 394.6604 407.7797 395.3066 298.5880 214.0429 433.8889
  95.5715 183.4625 302.2140 395.0737 408.8506 390.1465 297.8293 215.8096 430.9746
  95.5715 183.4970 302.4029 395.3530 409.9629 392.5444 291.9979 215.0227 433.8225
  95.5715 183.4617 302.3210 395.2104 409.5593 393.7920 294.1902 209.8274 435.2512
  95.5715 183.5037 302.4106 395.4467 409.2160 393.3107 296.6917 212.4214 432.5536
  95.5715 183.5148 302.5415 395.6648 410.4993 393.3727 296.7351 214.9535 433.2779
  95.5715 183.5215 302.6125 396.0935 409.9648 394.6114 296.6006 215.3638 436.6956
 218.3648 364.9850 486.5744 513.8950 462.5256 389.8992 297.8337 214.4646 441.3116
 218.3648 364.8120 486.2693 513.5084 463.5094 397.4241 294.1165 217.0295 446.4122
 218.3648 364.6940 485.7377 512.1344 459.5392 397.6326 301.2648 213.2905 450.8206
 218.3648 364.7269 485.6879 512.6019 460.8764 393.3345 301.8765 219.1881 451.1296
 218.3648 364.6544 485.5294 512.2349 461.1950 392.3897 296.0080 219.9792 455.6758
 218.3648 364.4419 484.6880 511.7991 460.9077 392.3919 294.7583 214.8137 459.7007
 218.3648 364.8032 485.5648 511.7958 461.9091 396.6412 297.1153 213.6434 460.0908
 218.3648 364.6444 485.5732 511.4165 459.9533 396.1855 300.5177 215.5189 457.0397
 218.3648 364.7845 485.7673 512.6321 460.9172 394.9944 301.1851 219.3623 456.9174
 218.3648 364.5215 484.9829 510.9226 458.4798 392.4574 297.9427 218.7581 458.2205
 218.3648 364.5911 485.0588 510.9360 459.1429 392.4734 297.1741 216.9289 460.0006
 218.3648 364.7477 485.5566 511.7198 459.7257 393.6632 297.7410 216.8060 461.0935
 218.3648 364.5166 485.1241 511.0055 457.9011 390.5738 296.3542 215.4329 459.1581
 218.3648 364.4833 484.6060 509.9987 457.4273 389.1210 294.6067 215.5192 458.3522
 218.3648 364.4587 484.6272 509.9827 458.1586 391.7859 294.7569 214.4310 457.7138
 218.3648 364.6822 485.2484 511.2695 459.6951 394.1579 298.2535 215.6472 458.2630
tot_sel_N
 390.7815 587.4260 873.5912 1206.9694 1522.8032 1844.9467 2084.3805 2282.0950 2433.1181 2541.6306 2621.4923 2678.4065 2713.9086 2721.6530 2736.3630 2725.5561 2719.9322 2720.1748 2719.1849 2721.1260 2726.1312 2731.0351 3389.8539 3401.4462 3403.4786 3407.7866 3406.0312 3401.8660 3409.9284 3409.2139 3414.9250 3404.6503 3404.6706 3409.4181 3398.4312 3392.4791 3394.2796 3405.5816
est_seine_comp
   0.2446   0.0358   0.3227   0.2990   0.0807   0.0041   0.0080   0.0026   0.0026
   0.1627   0.3087   0.0380   0.2575   0.1820   0.0443   0.0017   0.0032   0.0020
   0.1094   0.2083   0.3389   0.0327   0.1733   0.1129   0.0214   0.0008   0.0023
   0.0792   0.1509   0.2421   0.3160   0.0240   0.1165   0.0593   0.0107   0.0013
   0.0628   0.1202   0.1945   0.2450   0.2541   0.0177   0.0667   0.0328   0.0063
   0.0518   0.0994   0.1630   0.2078   0.2061   0.1999   0.0105   0.0394   0.0221
   0.0459   0.0879   0.1446   0.1874   0.1875   0.1718   0.1316   0.0066   0.0368
   0.0419   0.0804   0.1324   0.1727   0.1772   0.1635   0.1180   0.0874   0.0266
   0.0393   0.0754   0.1244   0.1626   0.1683   0.1599   0.1156   0.0805   0.0740
   0.0376   0.0722   0.1192   0.1561   0.1619   0.1559   0.1159   0.0799   0.1014
   0.0365   0.0700   0.1156   0.1515   0.1578   0.1516   0.1150   0.0820   0.1200
   0.0357   0.0686   0.1132   0.1484   0.1544   0.1497   0.1129   0.0825   0.1347
   0.0352   0.0676   0.1117   0.1465   0.1524   0.1471   0.1124   0.0813   0.1458
   0.0351   0.0674   0.1111   0.1456   0.1514   0.1454   0.1100   0.0813   0.1526
   0.0349   0.0671   0.1106   0.1446   0.1506   0.1454   0.1094   0.0795   0.1578
   0.0351   0.0673   0.1109   0.1448   0.1496   0.1450   0.1096   0.0785   0.1592
   0.0351   0.0675   0.1111   0.1453   0.1503   0.1434   0.1095   0.0793   0.1585
   0.0351   0.0675   0.1112   0.1453   0.1507   0.1443   0.1073   0.0790   0.1595
   0.0351   0.0675   0.1112   0.1453   0.1506   0.1448   0.1082   0.0772   0.1601
   0.0351   0.0674   0.1111   0.1453   0.1504   0.1445   0.1090   0.0781   0.1590
   0.0351   0.0673   0.1110   0.1451   0.1506   0.1443   0.1088   0.0788   0.1589
   0.0350   0.0672   0.1108   0.1450   0.1501   0.1445   0.1086   0.0789   0.1599
   0.0644   0.1077   0.1435   0.1516   0.1364   0.1150   0.0879   0.0633   0.1302
   0.0642   0.1073   0.1430   0.1510   0.1363   0.1168   0.0865   0.0638   0.1312
   0.0642   0.1072   0.1427   0.1505   0.1350   0.1168   0.0885   0.0627   0.1325
   0.0641   0.1070   0.1425   0.1504   0.1352   0.1154   0.0886   0.0643   0.1324
   0.0641   0.1071   0.1425   0.1504   0.1354   0.1152   0.0869   0.0646   0.1338
   0.0642   0.1071   0.1425   0.1504   0.1355   0.1153   0.0866   0.0631   0.1351
   0.0640   0.1070   0.1424   0.1501   0.1355   0.1163   0.0871   0.0627   0.1349
   0.0641   0.1070   0.1424   0.1500   0.1349   0.1162   0.0881   0.0632   0.1341
   0.0639   0.1068   0.1422   0.1501   0.1350   0.1157   0.0882   0.0642   0.1338
   0.0641   0.1071   0.1424   0.1501   0.1347   0.1153   0.0875   0.0643   0.1346
   0.0641   0.1071   0.1425   0.1501   0.1349   0.1153   0.0873   0.0637   0.1351
   0.0640   0.1070   0.1424   0.1501   0.1348   0.1155   0.0873   0.0636   0.1352
   0.0643   0.1073   0.1427   0.1504   0.1347   0.1149   0.0872   0.0634   0.1351
   0.0644   0.1074   0.1428   0.1503   0.1348   0.1147   0.0868   0.0635   0.1351
   0.0643   0.1074   0.1428   0.1502   0.1350   0.1154   0.0868   0.0632   0.1348
   0.0641   0.1071   0.1425   0.1501   0.1350   0.1157   0.0876   0.0633   0.1346
res_c_comp
  -0.2361  -0.0300   0.1224   0.1275   0.0033  -0.0004   0.0014   0.0028   0.0091
   0.3303  -0.2285  -0.0224  -0.0242  -0.0579   0.0036   0.0000   0.0002  -0.0012
   0.1071   0.3428  -0.3051  -0.0244  -0.0489  -0.0591  -0.0128   0.0012  -0.0008
  -0.0628   0.1182   0.3410  -0.2972  -0.0058  -0.0451  -0.0363  -0.0107  -0.0013
  -0.0604  -0.0650   0.1705   0.1900  -0.2281   0.0566  -0.0296  -0.0276  -0.0063
  -0.0338  -0.0817  -0.0786   0.1200   0.2093  -0.1267   0.0315  -0.0233  -0.0166
  -0.0459  -0.0651  -0.1239  -0.0247   0.2290   0.1273  -0.0896   0.0186  -0.0258
  -0.0395  -0.0794  -0.0309  -0.0655   0.0794   0.2633  -0.0356  -0.0749  -0.0169
  -0.0298   0.0002  -0.1086   0.0028  -0.1101   0.0228   0.1899   0.0738  -0.0410
  -0.0361   0.0033  -0.0314  -0.1200  -0.0075  -0.0962   0.0465   0.1509   0.0905
  -0.0357  -0.0647  -0.0495  -0.0129  -0.1201   0.0393  -0.0511   0.0617   0.2330
  -0.0154  -0.0666  -0.1048  -0.0464  -0.0094  -0.1045   0.0748  -0.0138   0.2862
   0.1639   0.2437  -0.0993  -0.1361  -0.0610  -0.0559  -0.0905  -0.0207   0.0559
  -0.0235   0.0863   0.2419  -0.1215  -0.1362  -0.0268   0.0016  -0.0498   0.0281
  -0.0304  -0.0387   0.0630   0.2156  -0.1166  -0.1218  -0.0025   0.0112   0.0202
  -0.0231  -0.0123  -0.0189   0.1152   0.1514  -0.0920  -0.0886  -0.0265  -0.0081
  -0.0321  -0.0175  -0.0411  -0.0573   0.0767   0.1116  -0.0335  -0.0333   0.0255
   0.0790   0.0235   0.0558   0.0027  -0.0647   0.0157   0.0227  -0.0430  -0.0895
  -0.0341   0.0005  -0.0482  -0.0243  -0.0356  -0.0318   0.0378   0.1018   0.0339
  -0.0251  -0.0424   0.1959  -0.0163  -0.0064  -0.0375  -0.0610   0.0319  -0.0380
  -0.0061  -0.0443  -0.0810   0.0539   0.0174  -0.0443  -0.0108   0.0282   0.0891
  -0.0060   0.0968  -0.0608  -0.1050   0.1419  -0.0505   0.0074  -0.0129  -0.0099
  -0.0444   0.2383   0.1685  -0.1116  -0.0934  -0.0110  -0.0439  -0.0283  -0.0742
  -0.0632  -0.0803   0.2220   0.0940  -0.0923  -0.0468   0.0055  -0.0138  -0.0252
  -0.0632  -0.1042  -0.1047   0.2865   0.1110  -0.0808  -0.0345   0.0083  -0.0235
  -0.0627  -0.1029  -0.1324  -0.0071   0.3266   0.0813  -0.0333  -0.0183  -0.0512
  -0.0175   0.0175  -0.0906  -0.0998   0.0973   0.1300   0.0567  -0.0447  -0.0495
  -0.0484   0.0085   0.0553  -0.0880  -0.0430   0.0868   0.1121  -0.0022  -0.0810
   0.0096  -0.0013   0.0427   0.0302  -0.0518  -0.0539   0.0160   0.0648  -0.0577
   0.0890   0.0858   0.0101  -0.0071  -0.0271  -0.0652  -0.0487  -0.0068  -0.0337
  -0.0365   0.1858   0.0961  -0.0220  -0.0349  -0.0481  -0.0426  -0.0315  -0.0662
  -0.0628  -0.0501   0.1815   0.0815   0.0065  -0.0102  -0.0349  -0.0246  -0.0869
  -0.0539  -0.0043   0.0631   0.2285   0.0183  -0.0448  -0.0490  -0.0438  -0.1145
  -0.0614  -0.0771  -0.0208   0.1335   0.1666   0.0150  -0.0218  -0.0347  -0.0995
  -0.0535  -0.0396  -0.0302   0.1050   0.1314   0.0591  -0.0230  -0.0348  -0.1143
  -0.0526  -0.0549   0.0167  -0.0330   0.0914   0.0874   0.0751  -0.0168  -0.1132
   0.0000   0.0000   0.0000   0.0000   0.0000   0.0000   0.0000   0.0000   0.0000
  -0.0359  -0.0795  -0.0536   0.0269   0.0805   0.0703   0.0680   0.0156  -0.0923
est_mat_comp
   0.1485   0.0277   0.3194   0.3557   0.1265   0.0053   0.0103   0.0033   0.0033
   0.0957   0.2314   0.0364   0.2966   0.2764   0.0551   0.0021   0.0040   0.0024
   0.0633   0.1536   0.3194   0.0371   0.2588   0.1381   0.0262   0.0010   0.0028
   0.0454   0.1103   0.2262   0.3549   0.0356   0.1412   0.0718   0.0130   0.0015
   0.0325   0.0794   0.1642   0.2486   0.3400   0.0194   0.0730   0.0359   0.0069
   0.0265   0.0647   0.1356   0.2078   0.2718   0.2158   0.0114   0.0425   0.0239
   0.0232   0.0567   0.1191   0.1856   0.2449   0.1836   0.1406   0.0070   0.0393
   0.0210   0.0515   0.1083   0.1699   0.2297   0.1735   0.1252   0.0927   0.0282
   0.0196   0.0481   0.1013   0.1592   0.2173   0.1690   0.1221   0.0851   0.0782
   0.0188   0.0459   0.0968   0.1525   0.2085   0.1643   0.1222   0.0842   0.1069
   0.0181   0.0444   0.0938   0.1477   0.2028   0.1595   0.1210   0.0863   0.1262
   0.0177   0.0435   0.0917   0.1445   0.1983   0.1574   0.1186   0.0867   0.1416
   0.0175   0.0429   0.0904   0.1426   0.1956   0.1545   0.1181   0.0853   0.1531
   0.0009   0.0022   0.0052   0.0121   0.2688   0.2112   0.1598   0.1182   0.2217
   0.0009   0.0022   0.0051   0.0119   0.2666   0.2108   0.1585   0.1152   0.2287
   0.0009   0.0022   0.0052   0.0120   0.2653   0.2105   0.1590   0.1140   0.2310
   0.0009   0.0022   0.0052   0.0120   0.2668   0.2084   0.1591   0.1153   0.2302
   0.0009   0.0022   0.0052   0.0120   0.2675   0.2097   0.1560   0.1148   0.2317
   0.0009   0.0022   0.0052   0.0120   0.2674   0.2104   0.1572   0.1121   0.2326
   0.0009   0.0022   0.0052   0.0120   0.2669   0.2100   0.1584   0.1134   0.2310
   0.0009   0.0022   0.0052   0.0120   0.2671   0.2095   0.1580   0.1145   0.2307
   0.0009   0.0022   0.0051   0.0120   0.2661   0.2097   0.1576   0.1144   0.2320
   0.0009   0.0022   0.0051   0.0120   0.2668   0.2069   0.1581   0.1138   0.2342
   0.0009   0.0021   0.0051   0.0119   0.2656   0.2095   0.1551   0.1144   0.2354
   0.0009   0.0021   0.0051   0.0118   0.2628   0.2092   0.1585   0.1122   0.2372
   0.0009   0.0021   0.0051   0.0118   0.2630   0.2065   0.1585   0.1151   0.2369
   0.0009   0.0021   0.0051   0.0118   0.2633   0.2062   0.1555   0.1156   0.2394
   0.0009   0.0021   0.0051   0.0118   0.2636   0.2065   0.1551   0.1130   0.2419
   0.0009   0.0021   0.0051   0.0118   0.2632   0.2079   0.1558   0.1120   0.2412
   0.0009   0.0021   0.0051   0.0118   0.2621   0.2078   0.1576   0.1130   0.2397
   0.0009   0.0021   0.0051   0.0118   0.2621   0.2067   0.1576   0.1148   0.2391
   0.0009   0.0021   0.0051   0.0118   0.2618   0.2062   0.1565   0.1149   0.2407
   0.0009   0.0021   0.0051   0.0118   0.2621   0.2062   0.1561   0.1140   0.2417
   0.0009   0.0021   0.0051   0.0118   0.2620   0.2064   0.1561   0.1137   0.2418
   0.0009   0.0021   0.0051   0.0118   0.2623   0.2059   0.1562   0.1136   0.2420
   0.0009   0.0021   0.0051   0.0118   0.2627   0.2056   0.1557   0.1139   0.2422
   0.0009   0.0021   0.0051   0.0118   0.2628   0.2068   0.1556   0.1132   0.2416
   0.0009   0.0021   0.0051   0.0118   0.2624   0.2070   0.1567   0.1133   0.2407
res_mat_comp
  -0.0979  -0.0190   0.0913   0.0292  -0.0020   0.0002  -0.0070   0.0011   0.0041
   0.5229  -0.1602  -0.0248  -0.1293  -0.1820  -0.0213  -0.0015  -0.0016  -0.0022
   0.1530   0.3987  -0.2888  -0.0283  -0.1397  -0.0780  -0.0166   0.0010  -0.0012
   0.0248   0.2780   0.2143  -0.3390  -0.0190  -0.0917  -0.0562  -0.0105  -0.0006
  -0.0273  -0.0407   0.1734   0.1664  -0.3027   0.0932  -0.0215  -0.0339  -0.0069
   0.0041  -0.0408  -0.0379   0.1514   0.1136  -0.1582   0.0208  -0.0309  -0.0220
  -0.0232  -0.0366  -0.0893  -0.0111   0.2013   0.0827  -0.0955   0.0060  -0.0343
  -0.0188  -0.0474  -0.0047  -0.0557   0.0602   0.2284  -0.0585  -0.0812  -0.0224
   0.0393   0.0442  -0.0841  -0.0125  -0.1668  -0.0057   0.1723   0.0519  -0.0386
  -0.0178   0.0503   0.0720  -0.1112  -0.0603  -0.1150   0.0380   0.1110   0.0330
  -0.0163  -0.0391  -0.0043  -0.0156  -0.1660   0.0169  -0.0559   0.0619   0.2184
   0.1433  -0.0285  -0.0757   0.0395  -0.0163  -0.1074  -0.0166  -0.0397   0.1014
   0.1835   0.2671  -0.0824  -0.1336  -0.0716  -0.0525  -0.0921  -0.0313   0.0129
   0.0091   0.0998   0.3108   0.0059  -0.2568  -0.0792  -0.0198  -0.0852   0.0143
   0.0021   0.0228   0.1539   0.3261  -0.2376  -0.1808  -0.0425  -0.0082  -0.0357
   0.0111   0.0528   0.0868   0.2480   0.0357  -0.1575  -0.1380  -0.0620  -0.0799
   0.0000   0.0000   0.0000   0.0000   0.0000   0.0000   0.0000   0.0000   0.0000
   0.1242   0.0678   0.1438   0.1080  -0.1765  -0.0387  -0.0180  -0.0628  -0.1497
   0.0000   0.0000   0.0000   0.0000   0.0000   0.0000   0.0000   0.0000   0.0000
   0.0041   0.0148   0.1768   0.0970  -0.1379  -0.1050  -0.0874   0.0316   0.0040
   0.0000   0.0000   0.0000   0.0000   0.0000   0.0000   0.0000   0.0000   0.0000
   0.1041   0.3338   0.0569   0.0240  -0.0411  -0.1507  -0.0986  -0.0754  -0.1520
   0.0000   0.0000   0.0000   0.0000   0.0000   0.0000   0.0000   0.0000   0.0000
   0.0000   0.0000   0.0000   0.0000   0.0000   0.0000   0.0000   0.0000   0.0000
   0.0000   0.0000   0.0000   0.0000   0.0000   0.0000   0.0000   0.0000   0.0000
   0.0007   0.0031   0.0046   0.1206   0.1797  -0.0040  -0.1010  -0.0608  -0.1429
   0.0582   0.1302   0.0480   0.0354  -0.0355   0.0367  -0.0207  -0.0945  -0.1590
   0.0148   0.1134   0.1927   0.0506  -0.1711  -0.0043   0.0436  -0.0520  -0.1878
   0.1109   0.1236   0.1668   0.1530  -0.1887  -0.1545  -0.0695   0.0153  -0.1588
   0.1748   0.2052   0.1537   0.1236  -0.1619  -0.1649  -0.1201  -0.0661  -0.1484
   0.0241   0.2455   0.2134   0.1190  -0.1511  -0.1212  -0.1022  -0.0692  -0.1584
   0.0000   0.0000   0.0000   0.0000   0.0000   0.0000   0.0000   0.0000   0.0000
   0.0055   0.0860   0.1883   0.3667  -0.0997  -0.1274  -0.1115  -0.0908  -0.2174
   0.0011   0.0233   0.1122   0.2604   0.0312  -0.0666  -0.0839  -0.0753  -0.2024
   0.0103   0.0597   0.1059   0.2422   0.0078  -0.0317  -0.0897  -0.0835  -0.2210
   0.0080   0.0390   0.1288   0.1080  -0.0234   0.0056   0.0192  -0.0641  -0.2212
   0.0000   0.0000   0.0000   0.0000   0.0000   0.0000   0.0000   0.0000   0.0000
   0.0634   0.0227   0.0609   0.1275  -0.0601  -0.0284   0.0113  -0.0146  -0.1827
naa
 1252.5000  76.1901 332.7433 187.2879  38.5160   1.6095   3.1235   1.0000   1.0000
 1252.5000 988.7792  58.8657 242.4164 130.6137  26.0248   0.9872   1.8988   1.1487
 1252.5000 992.4471 781.0581  45.8035 184.9322  98.6695  18.7010   0.6794   1.9825
 1252.5000 992.9442 771.0148 611.3060  35.4074 140.6532  71.5343  12.9450   1.5371
 1252.5000 997.9821 781.4289 597.8735 472.7916  26.9061 101.5149  49.9450   9.6399
 1252.5000 999.7675 793.3970 614.3069 464.6022 368.8387  19.4356  72.6741  40.7868
 1252.5000 999.5213 794.9996 625.9420 477.5269 358.1251 274.2919  13.6927  76.6582
 1252.5000 1000.7033 797.1135 631.7257 494.0051 373.0200 269.2855 199.3612  60.7011
 1252.5000 1000.9209 798.4884 633.8747 500.4062 388.9979 281.2275 195.9395 180.0848
 1252.5000 1001.1301 799.0661 636.0167 502.6182 396.1264 294.5558 203.0410 257.6346
 1252.5000 1001.2478 799.4296 636.3747 505.3803 397.5021 301.5875 215.0380 314.4483
 1252.5000 1001.3114 799.6578 636.9927 505.3942 401.0346 302.3027 220.8508 360.8069
 1252.5000 1001.1471 799.4546 637.0602 505.3607 399.2885 305.0895 220.5233 395.6881
 1252.5000 1000.6064 797.8667 635.0808 503.4885 395.6228 299.4101 221.3779 415.3916
 1252.5000 1000.9352 798.3280 634.3105 503.5051 397.9969 299.2722 217.5477 431.9274
 1252.5000 1000.3688 797.4890 632.5186 498.1916 395.3066 298.5880 214.0429 433.8889
 1252.5000 1000.4791 797.3262 633.1809 499.5000 390.1465 297.8293 215.8096 430.9746
 1252.5000 1000.6671 797.8247 633.6286 500.8589 392.5444 291.9979 215.0227 433.8225
 1252.5000 1000.4749 797.6086 633.4001 500.3658 393.7920 294.1902 209.8274 435.2512
 1252.5000 1000.7036 797.8449 633.7788 499.9464 393.3107 296.6917 212.4214 432.5536
 1252.5000 1000.7643 798.1903 634.1284 501.5142 393.3727 296.7351 214.9535 433.2779
 1252.5000 1000.8008 798.3777 634.8154 500.8612 394.6114 296.6006 215.3638 436.6956
 1252.5000 1000.8651 798.4310 635.0623 502.6449 389.8992 297.8337 214.4646 441.3116
 1252.5000 1000.3908 797.9303 634.5846 503.7139 397.4241 294.1165 217.0295 446.4122
 1252.5000 1000.0672 797.0580 632.8866 499.3993 397.6326 301.2648 213.2905 450.8206
 1252.5000 1000.1574 796.9764 633.4644 500.8526 393.3345 301.8765 219.1881 451.1296
 1252.5000 999.9586 796.7162 633.0109 501.1988 392.3897 296.0080 219.9792 455.6758
 1252.5000 999.3757 795.3355 632.4723 500.8866 392.3919 294.7583 214.8137 459.7007
 1252.5000 1000.3665 796.7743 632.4683 501.9749 396.6412 297.1153 213.6434 460.0908
 1252.5000 999.9310 796.7881 631.9995 499.8494 396.1855 300.5177 215.5189 457.0397
 1252.5000 1000.3154 797.1066 633.5016 500.8969 394.9944 301.1851 219.3623 456.9174
 1252.5000 999.5940 795.8195 631.3891 498.2481 392.4574 297.9427 218.7581 458.2205
 1252.5000 999.7850 795.9440 631.4057 498.9687 392.4734 297.1741 216.9289 460.0006
 1252.5000 1000.2145 796.7609 632.3743 499.6020 393.6632 297.7410 216.8060 461.0935
 1252.5000 999.5806 796.0512 631.4916 497.6192 390.5738 296.3542 215.4329 459.1581
 1252.5000 999.4893 795.2010 630.2474 497.1043 389.1210 294.6067 215.5192 458.3522
 1252.5000 999.4219 795.2359 630.2276 497.8990 391.7859 294.7569 214.4310 457.7138
 1252.5000 1000.0346 796.2552 631.8178 499.5688 394.1579 298.2535 215.6472 458.2630
post_naa
 1235.9740  73.5822 303.0205 163.2671  32.5310   1.2821   2.5660   0.8289   0.8239
 1240.5589 976.3226  57.2543 231.1652 123.3369  24.2870   0.9181   1.7795   1.0575
 1241.1803 963.7685 764.1324  44.2593 175.8165  92.9017  17.4933   0.6432   1.5889
 1247.4776 976.7861 747.3418 590.9895  33.6326 131.8375  67.4933  12.1984   1.4398
 1249.7094 991.7463 767.8837 580.7528 461.0484  25.2410  98.2082  48.4838   9.3578
 1249.4016 993.7494 782.4275 596.9086 447.6564 356.2232  18.5037  70.1756  39.4611
 1250.8792 996.3918 789.6571 617.5064 466.2750 349.7215 269.4070  13.3205  75.3581
 1251.1512 998.1105 792.3434 625.5077 486.2474 365.2305 264.7830 196.3986  59.7674
 1251.4126 998.8326 795.0209 628.2727 495.1580 382.5400 274.3798 192.6331 177.7429
 1251.5597 999.2869 795.4683 631.7254 496.8776 391.6721 290.5918 199.5474 254.0729
 1251.6392 999.5723 796.2408 631.7427 501.2932 392.6009 298.4470 211.9999 309.2456
 1251.4339 999.3182 796.3253 631.7009 499.1107 396.2201 298.0045 217.8424 354.4412
 1250.7579 997.3334 793.8510 629.3606 494.5285 388.8443 299.1594 215.3882 385.9793
 1251.1690 997.9101 792.8881 629.3814 497.4962 388.6652 293.9834 217.8229 407.7546
 1250.4610 996.8613 790.6482 622.7395 494.1333 387.7767 289.2472 210.3323 418.4602
 1250.5989 996.6578 791.4762 624.3750 487.6831 386.7912 291.6346 207.4212 417.2140
 1250.8339 997.2808 792.0357 626.0736 490.6805 379.2180 290.5712 210.6304 418.0514
 1250.5936 997.0107 791.7502 625.4573 492.2399 382.0652 283.5506 208.7427 422.1234
 1250.8795 997.3061 792.2235 624.9330 491.6384 385.3139 287.0560 203.1256 424.0212
 1250.9554 997.7379 792.6605 626.8928 491.7159 385.3702 290.4777 206.7454 421.3069
 1251.0010 997.9721 793.5192 626.0765 493.2642 385.1955 291.0321 209.4593 423.4993
 1251.0814 998.0388 793.8279 628.3061 487.3740 386.7971 289.8171 211.0241 428.6537
 1250.4885 997.4129 793.2307 629.6424 496.7801 381.9695 293.2831 211.2820 435.8853
 1250.0840 996.3225 791.1083 624.2492 497.0407 391.2530 288.2304 213.6123 439.9351
 1250.1967 996.2205 791.8305 626.0657 491.6682 392.0474 296.2001 210.0227 444.1374
 1249.9483 995.8953 791.2636 626.4985 490.4872 384.4260 297.2692 215.7833 444.8083
 1249.2197 994.1694 790.5904 626.1082 490.4899 382.8030 290.2888 217.1224 449.3291
 1250.4581 995.9679 790.5853 627.4686 495.8015 385.8640 288.7073 212.2963 454.9418
 1249.9138 995.9851 789.9993 624.8118 495.2318 390.2827 291.2417 208.9856 453.9117
 1250.3942 996.3832 791.8770 626.1211 493.7430 391.1495 296.4355 212.1719 450.4049
 1249.4924 994.7744 789.2364 622.8102 490.5717 386.9386 295.6190 215.1897 449.1703
 1249.7312 994.9300 789.2571 623.7109 490.5917 385.9404 293.1472 215.3074 451.6653
 1250.2681 995.9511 790.4679 624.5025 492.0789 386.6766 292.9810 213.9675 454.6713
 1249.4757 995.0640 789.3645 622.0241 488.2173 384.8756 291.1255 212.4012 453.4607
 1249.3617 994.0013 787.8092 621.3803 486.4013 382.6061 291.2422 212.0605 452.6312
 1249.2774 994.0449 787.7845 622.3738 489.7323 382.8011 289.7716 212.1968 451.5501
 1250.0433 995.3190 789.7723 624.4610 492.6974 387.3422 291.4152 212.0059 452.5571
 1249.9202 995.7158 790.4365 625.4488 493.4806 388.8308 294.1469 212.7547 452.7027
Sur
   0.8000   0.8000   0.8000   0.8000   0.8000   0.7700   0.7400   0.7100   0.6800
   0.8000   0.8000   0.8000   0.8000   0.8000   0.7700   0.7400   0.7100   0.6800
   0.8000   0.8000   0.8000   0.8000   0.8000   0.7700   0.7400   0.7100   0.6800
   0.8000   0.8000   0.8000   0.8000   0.8000   0.7700   0.7400   0.7100   0.6800
   0.8000   0.8000   0.8000   0.8000   0.8000   0.7700   0.7400   0.7100   0.6800
   0.8000   0.8000   0.8000   0.8000   0.8000   0.7700   0.7400   0.7100   0.6800
   0.8000   0.8000   0.8000   0.8000   0.8000   0.7700   0.7400   0.7100   0.6800
   0.8000   0.8000   0.8000   0.8000   0.8000   0.7700   0.7400   0.7100   0.6800
   0.8000   0.8000   0.8000   0.8000   0.8000   0.7700   0.7400   0.7100   0.6800
   0.8000   0.8000   0.8000   0.8000   0.8000   0.7700   0.7400   0.7100   0.6800
   0.8000   0.8000   0.8000   0.8000   0.8000   0.7700   0.7400   0.7100   0.6800
   0.8000   0.8000   0.8000   0.8000   0.8000   0.7700   0.7400   0.7100   0.6800
   0.8000   0.8000   0.8000   0.8000   0.8000   0.7700   0.7400   0.7100   0.6800
   0.8000   0.8000   0.8000   0.8000   0.8000   0.7700   0.7400   0.7100   0.6800
   0.8000   0.8000   0.8000   0.8000   0.8000   0.7700   0.7400   0.7100   0.6800
   0.8000   0.8000   0.8000   0.8000   0.8000   0.7700   0.7400   0.7100   0.6800
   0.8000   0.8000   0.8000   0.8000   0.8000   0.7700   0.7400   0.7100   0.6800
   0.8000   0.8000   0.8000   0.8000   0.8000   0.7700   0.7400   0.7100   0.6800
   0.8000   0.8000   0.8000   0.8000   0.8000   0.7700   0.7400   0.7100   0.6800
   0.8000   0.8000   0.8000   0.8000   0.8000   0.7700   0.7400   0.7100   0.6800
   0.8000   0.8000   0.8000   0.8000   0.8000   0.7700   0.7400   0.7100   0.6800
   0.8000   0.8000   0.8000   0.8000   0.8000   0.7700   0.7400   0.7100   0.6800
   0.8000   0.8000   0.8000   0.8000   0.8000   0.7700   0.7400   0.7100   0.6800
   0.8000   0.8000   0.8000   0.8000   0.8000   0.7700   0.7400   0.7100   0.6800
   0.8000   0.8000   0.8000   0.8000   0.8000   0.7700   0.7400   0.7100   0.6800
   0.8000   0.8000   0.8000   0.8000   0.8000   0.7700   0.7400   0.7100   0.6800
   0.8000   0.8000   0.8000   0.8000   0.8000   0.7700   0.7400   0.7100   0.6800
   0.8000   0.8000   0.8000   0.8000   0.8000   0.7700   0.7400   0.7100   0.6800
   0.8000   0.8000   0.8000   0.8000   0.8000   0.7700   0.7400   0.7100   0.6800
   0.8000   0.8000   0.8000   0.8000   0.8000   0.7700   0.7400   0.7100   0.6800
   0.8000   0.8000   0.8000   0.8000   0.8000   0.7700   0.7400   0.7100   0.6800
   0.8000   0.8000   0.8000   0.8000   0.8000   0.7700   0.7400   0.7100   0.6800
   0.8000   0.8000   0.8000   0.8000   0.8000   0.7700   0.7400   0.7100   0.6800
   0.8000   0.8000   0.8000   0.8000   0.8000   0.7700   0.7400   0.7100   0.6800
   0.8000   0.8000   0.8000   0.8000   0.8000   0.7700   0.7400   0.7100   0.6800
   0.8000   0.8000   0.8000   0.8000   0.8000   0.7700   0.7400   0.7100   0.6800
   0.8000   0.8000   0.8000   0.8000   0.8000   0.7700   0.7400   0.7100   0.6800
   0.8000   0.8000   0.8000   0.8000   0.8000   0.7700   0.7400   0.7100   0.6800
mat_naa
  45.2159   8.4262  97.2306 108.2867  38.5160   1.6095   3.1235   1.0000   1.0000
  45.2159 109.3539  17.2011 140.1611 130.6137  26.0248   0.9872   1.8988   1.1487
  45.2159 109.7595 228.2322  26.4828 184.9322  98.6695  18.7010   0.6794   1.9825
  45.2159 109.8145 225.2975 353.4470  35.4074 140.6532  71.5343  12.9450   1.5371
  45.2159 110.3717 228.3406 345.6805 472.7916  26.9061 101.5149  49.9450   9.6399
  45.2159 110.5691 231.8378 355.1821 464.6022 368.8387  19.4356  72.6741  40.7868
  45.2159 110.5419 232.3060 361.9093 477.5269 358.1251 274.2919  13.6927  76.6582
  45.2159 110.6726 232.9237 365.2533 494.0051 373.0200 269.2855 199.3612  60.7011
  45.2159 110.6967 233.3255 366.4958 500.4062 388.9979 281.2275 195.9395 180.0848
  45.2159 110.7198 233.4943 367.7343 502.6182 396.1264 294.5558 203.0410 257.6346
  45.2159 110.7328 233.6005 367.9413 505.3803 397.5021 301.5875 215.0380 314.4483
  45.2159 110.7399 233.6672 368.2986 505.3942 401.0346 302.3027 220.8508 360.8069
  45.2159 110.7217 233.6078 368.3376 505.3607 399.2885 305.0895 220.5233 395.6881
   1.7016   4.0726   9.6769  22.5907 503.4885 395.6228 299.4101 221.3779 415.3916
   1.7016   4.0740   9.6825  22.5633 503.5051 397.9969 299.2722 217.5477 431.9274
   1.7016   4.0717   9.6723  22.4995 498.1916 395.3066 298.5880 214.0429 433.8889
   1.7016   4.0721   9.6704  22.5231 499.5000 390.1465 297.8293 215.8096 430.9746
   1.7016   4.0729   9.6764  22.5390 500.8589 392.5444 291.9979 215.0227 433.8225
   1.7016   4.0721   9.6738  22.5309 500.3658 393.7920 294.1902 209.8274 435.2512
   1.7016   4.0730   9.6766  22.5443 499.9464 393.3107 296.6917 212.4214 432.5536
   1.7016   4.0733   9.6808  22.5568 501.5142 393.3727 296.7351 214.9535 433.2779
   1.7016   4.0734   9.6831  22.5812 500.8612 394.6114 296.6006 215.3638 436.6956
   1.7016   4.0737   9.6838  22.5900 502.6449 389.8992 297.8337 214.4646 441.3116
   1.7016   4.0717   9.6777  22.5730 503.7139 397.4241 294.1165 217.0295 446.4122
   1.7016   4.0704   9.6671  22.5126 499.3993 397.6326 301.2648 213.2905 450.8206
   1.7016   4.0708   9.6661  22.5332 500.8526 393.3345 301.8765 219.1881 451.1296
   1.7016   4.0700   9.6630  22.5170 501.1988 392.3897 296.0080 219.9792 455.6758
   1.7016   4.0676   9.6462  22.4979 500.8866 392.3919 294.7583 214.8137 459.7007
   1.7016   4.0716   9.6637  22.4977 501.9749 396.6412 297.1153 213.6434 460.0908
   1.7016   4.0699   9.6638  22.4810 499.8494 396.1855 300.5177 215.5189 457.0397
   1.7016   4.0714   9.6677  22.5345 500.8969 394.9944 301.1851 219.3623 456.9174
   1.7016   4.0685   9.6521  22.4593 498.2481 392.4574 297.9427 218.7581 458.2205
   1.7016   4.0693   9.6536  22.4599 498.9687 392.4734 297.1741 216.9289 460.0006
   1.7016   4.0710   9.6635  22.4944 499.6020 393.6632 297.7410 216.8060 461.0935
   1.7016   4.0684   9.6549  22.4630 497.6192 390.5738 296.3542 215.4329 459.1581
   1.7016   4.0681   9.6446  22.4187 497.1043 389.1210 294.6067 215.5192 458.3522
   1.7016   4.0678   9.6450  22.4180 497.8990 391.7859 294.7569 214.4310 457.7138
   1.7016   4.0703   9.6574  22.4746 499.5688 394.1579 298.2535 215.6472 458.2630
maturity
   0.0361   0.1106   0.2922   0.5782   1.0000   1.0000   1.0000   1.0000   1.0000
   0.0361   0.1106   0.2922   0.5782   1.0000   1.0000   1.0000   1.0000   1.0000
   0.0361   0.1106   0.2922   0.5782   1.0000   1.0000   1.0000   1.0000   1.0000
   0.0361   0.1106   0.2922   0.5782   1.0000   1.0000   1.0000   1.0000   1.0000
   0.0361   0.1106   0.2922   0.5782   1.0000   1.0000   1.0000   1.0000   1.0000
   0.0361   0.1106   0.2922   0.5782   1.0000   1.0000   1.0000   1.0000   1.0000
   0.0361   0.1106   0.2922   0.5782   1.0000   1.0000   1.0000   1.0000   1.0000
   0.0361   0.1106   0.2922   0.5782   1.0000   1.0000   1.0000   1.0000   1.0000
   0.0361   0.1106   0.2922   0.5782   1.0000   1.0000   1.0000   1.0000   1.0000
   0.0361   0.1106   0.2922   0.5782   1.0000   1.0000   1.0000   1.0000   1.0000
   0.0361   0.1106   0.2922   0.5782   1.0000   1.0000   1.0000   1.0000   1.0000
   0.0361   0.1106   0.2922   0.5782   1.0000   1.0000   1.0000   1.0000   1.0000
   0.0361   0.1106   0.2922   0.5782   1.0000   1.0000   1.0000   1.0000   1.0000
   0.0014   0.0041   0.0121   0.0356   1.0000   1.0000   1.0000   1.0000   1.0000
   0.0014   0.0041   0.0121   0.0356   1.0000   1.0000   1.0000   1.0000   1.0000
   0.0014   0.0041   0.0121   0.0356   1.0000   1.0000   1.0000   1.0000   1.0000
   0.0014   0.0041   0.0121   0.0356   1.0000   1.0000   1.0000   1.0000   1.0000
   0.0014   0.0041   0.0121   0.0356   1.0000   1.0000   1.0000   1.0000   1.0000
   0.0014   0.0041   0.0121   0.0356   1.0000   1.0000   1.0000   1.0000   1.0000
   0.0014   0.0041   0.0121   0.0356   1.0000   1.0000   1.0000   1.0000   1.0000
   0.0014   0.0041   0.0121   0.0356   1.0000   1.0000   1.0000   1.0000   1.0000
   0.0014   0.0041   0.0121   0.0356   1.0000   1.0000   1.0000   1.0000   1.0000
   0.0014   0.0041   0.0121   0.0356   1.0000   1.0000   1.0000   1.0000   1.0000
   0.0014   0.0041   0.0121   0.0356   1.0000   1.0000   1.0000   1.0000   1.0000
   0.0014   0.0041   0.0121   0.0356   1.0000   1.0000   1.0000   1.0000   1.0000
   0.0014   0.0041   0.0121   0.0356   1.0000   1.0000   1.0000   1.0000   1.0000
   0.0014   0.0041   0.0121   0.0356   1.0000   1.0000   1.0000   1.0000   1.0000
   0.0014   0.0041   0.0121   0.0356   1.0000   1.0000   1.0000   1.0000   1.0000
   0.0014   0.0041   0.0121   0.0356   1.0000   1.0000   1.0000   1.0000   1.0000
   0.0014   0.0041   0.0121   0.0356   1.0000   1.0000   1.0000   1.0000   1.0000
   0.0014   0.0041   0.0121   0.0356   1.0000   1.0000   1.0000   1.0000   1.0000
   0.0014   0.0041   0.0121   0.0356   1.0000   1.0000   1.0000   1.0000   1.0000
   0.0014   0.0041   0.0121   0.0356   1.0000   1.0000   1.0000   1.0000   1.0000
   0.0014   0.0041   0.0121   0.0356   1.0000   1.0000   1.0000   1.0000   1.0000
   0.0014   0.0041   0.0121   0.0356   1.0000   1.0000   1.0000   1.0000   1.0000
   0.0014   0.0041   0.0121   0.0356   1.0000   1.0000   1.0000   1.0000   1.0000
   0.0014   0.0041   0.0121   0.0356   1.0000   1.0000   1.0000   1.0000   1.0000
   0.0014   0.0041   0.0121   0.0356   1.0000   1.0000   1.0000   1.0000   1.0000
sel_baa
  49.6467   7.7940  91.3357  95.0940  26.7033   1.2974   1.8863   1.2078   1.3166
  29.2852  63.2760   8.1663  74.4144  57.5111  14.1327   0.5983   1.2639   0.7666
  20.5673  49.7893  92.1770   9.3891  60.6459  43.9364   8.7983   0.3325   1.0893
  14.0946  35.7533  69.9750 103.6541   8.5963  45.6814  25.1295   4.7942   0.6607
   9.2885  25.5975  52.5156  76.9211  87.4206   6.9085  27.8652  14.1360   2.8233
   7.8739  20.2714  42.0538  66.0661  74.8227  80.5671   4.5404  17.8835  10.0592
   7.1069  17.6746  36.1417  57.1488  67.1325  67.6946  56.3222   2.9496  17.0239
   6.6210  14.7955  36.0109  54.9253  66.0900  70.2857  55.3417  43.6794  14.0573
   5.4206  14.0310  29.8535  49.5781  55.8891  64.4301  49.3540  36.8023  37.8068
   5.9449  14.0848  29.3146  45.9043  56.3293  60.0043  47.8636  35.2298  46.8891
   5.5050  14.6379  28.4345  45.8941  56.0180  59.1365  48.4336  36.5028  57.3015
   5.8162  12.8196  30.6673  46.4464  55.7558  59.8915  49.4356  38.5894  68.3970
   5.5993  14.0704  26.6855  47.4548  56.5470  61.9404  50.7001  40.2221  79.1106
   5.6184  14.0227  27.5567  40.7666  51.4831  52.7661  43.5641  35.5454  73.1357
   5.5218  14.8910  30.0784  44.6927  47.5934  55.5609  44.6224  34.7426  77.4163
   6.2416  14.5378  28.5024  42.2816  48.4747  48.7325  40.4244  31.4127  69.6424
   5.5939  14.0687  28.1273  43.2123  49.7599  52.1425  43.0559  33.1259  75.4549
   5.6220  13.3692  26.0207  39.9421  47.1253  48.8186  39.0124  29.6361  67.4308
   6.5725  14.7069  27.9084  42.5778  48.4067  51.1347  41.5032  30.5569  67.6745
   6.0073  14.5222  27.7691  39.5656  45.5469  47.5333  37.6995  28.7975  62.3990
   5.2124  12.0926  27.7018  44.3452  48.6545  50.6640  40.4225  30.9632  68.0132
   5.7686  13.9829  27.4925  45.2549  53.6812  55.4315  44.7593  33.9491  74.3648
  11.1501  22.4760  37.2159  46.8079  49.7727  47.1033  37.9693  28.6641  62.6148
  12.5827  24.2568  38.9398  48.3857  50.7869  50.1313  40.2717  31.3112  68.7283
  10.4900  25.5609  38.9716  45.6961  47.5657  46.1300  39.5924  30.0298  66.9142
  12.0787  24.0812  40.8724  45.8614  46.0465  43.8835  37.2569  29.3157  63.9301
  11.9389  25.9286  40.3594  51.7380  51.5970  48.1224  41.3274  32.8654  72.9274
  11.5261  25.4553  42.2549  49.8742  52.1931  47.8887  39.7679  31.3089  73.8912
  11.4452  24.9907  41.5392  48.9523  48.3503  46.8729  37.3797  28.1327  64.8099
  10.0561  22.6752  39.8803  50.4034  50.3232  47.0651  39.9313  30.0911  67.3979
  12.1626  23.2537  39.4959  50.8177  52.8223  49.1322  41.8546  31.9453  69.6102
  13.0199  25.3746  37.1787  46.9707  49.6906  47.9527  38.9422  30.6486  68.0023
  13.2643  24.4969  38.3492  44.0837  45.5631  43.4542  36.6856  27.0480  66.4300
  17.4908  30.4078  42.2167  49.4760  48.1365  45.8414  38.7525  30.3063  70.2614
  15.0550  26.5491  44.3863  49.7860  49.4433  44.1839  38.6008  32.2174  73.1096
  14.1783  27.6859  42.6059  52.7387  51.7435  46.5573  36.3436  28.8716  66.6795
  13.2892  27.6837  43.3880  51.9552  50.3455  46.3485  35.9597  28.0506  64.6912
  12.3665  27.6230  44.1006  51.1602  48.8935  45.9703  35.8791  27.4546  62.6976
tot_sel_B
 276.2818 249.4145 286.7252 308.3390 303.4763 324.1381 329.1949 361.8067 343.1656 341.5647 351.8639 367.8188 382.3300 344.4590 355.1196 330.2500 344.5413 316.9771 331.0416 309.8404 328.0694 354.6847 343.7741 365.3944 350.9507 343.3264 376.8045 374.1602 352.4729 357.8236 371.0946 357.7802 339.3750 372.8894 373.3314 367.4042 361.7116 356.1453
est_seine_naa
  16.3550   2.3909  21.5829  19.9978   5.3950   0.2754   0.5345   0.1711   0.1711
   6.0071  11.3966   1.4024   9.5071   6.7198   1.6358   0.0620   0.1193   0.0722
   5.0937   9.6996  15.7786   1.5232   8.0677   5.2588   0.9967   0.0362   0.1057
   4.9954   9.5171  15.2750  19.9365   1.5148   7.3517   3.7390   0.6766   0.0803
   2.7176   5.2038   8.4222  10.6077  11.0042   0.7651   2.8866   1.4202   0.2741
   3.0924   5.9321   9.7305  12.4023  12.3049  11.9345   0.6289   2.3515   1.3197
   1.6208   3.1084   5.1104   6.6236   6.6288   6.0736   4.6518   0.2322   1.3001
   1.3488   2.5898   4.2641   5.5630   5.7067   5.2645   3.8005   2.8136   0.8567
   1.0874   2.0883   3.4435   4.5000   4.6602   4.4259   3.1997   2.2294   2.0490
   0.9403   1.8061   2.9798   3.9043   4.0475   3.8972   2.8980   1.9976   2.5347
   0.8608   1.6537   2.7292   3.5763   3.7258   3.5802   2.7164   1.9368   2.8322
   1.0374   1.9931   3.2901   4.3143   4.4904   4.3532   3.2815   2.3973   3.9166
   1.7371   3.3367   5.5075   7.2246   7.5182   7.2572   5.5451   4.0081   7.1918
   1.3310   2.5553   4.2116   5.5185   5.7393   5.5096   4.1697   3.0830   5.7849
   2.0390   3.9160   6.4558   8.4439   8.7928   8.4913   6.3850   4.6414   9.2152
   1.9011   3.6490   6.0128   7.8505   8.1115   7.8634   5.9395   4.2577   8.6309
   1.6661   3.1983   5.2685   6.8873   7.1275   6.8014   5.1921   3.7622   7.5132
   1.8752   3.6004   5.9335   7.7573   8.0439   7.7022   5.7293   4.2190   8.5121
   1.6205   3.1107   5.1261   6.7011   6.9444   6.6771   4.9882   3.5578   7.3800
   1.5446   2.9657   4.8874   6.3910   6.6135   6.3565   4.7950   3.4330   6.9907
