    unsorted:	 4.037416938 4.072268678 3.988269670 4.255239235 4.468601369 4.372924059 3.727437415 3.555247877 3.475860556 3.485500551 4.719970764 3.219525917 4.974268976 5.146406756 5.409815085 5.485098400 2.621910704 2.240595266 1.885289653 1.930543254 1.814284174 1.737614751 1.723042758 1.237550624 1.228063379 0.8551132821 0.8078813094 0.7350382525 0.4252070357 0.3908051597 0.3515425765 0.1950479540 0.2530367087 0.2189177002 0.08537375712 0.1301438325 0.05139399348 6.059112229 6.438235966 6.619637161 6.857888840 7.332007072 7.207693904 7.591682481 7.737106211 7.936400657 8.186518540 9.395045948 10.38130963 10.59851622 14.39965438 24.80059879 182.7414046 4.984648687e-006
      sorted:	 4.984648687e-006 0.05139399348 0.08537375712 0.1301438325 0.1950479540 0.2189177002 0.2530367087 0.3515425765 0.3908051597 0.4252070357 0.7350382525 0.8078813094 0.8551132821 1.228063379 1.237550624 1.723042758 1.737614751 1.814284174 1.885289653 1.930543254 2.240595266 2.621910704 3.219525917 3.475860556 3.485500551 3.555247877 3.727437415 3.988269670 4.037416938 4.072268678 4.255239235 4.372924059 4.468601369 4.719970764 4.974268976 5.146406756 5.409815085 5.485098400 6.059112229 6.438235966 6.619637161 6.857888840 7.207693904 7.332007072 7.591682481 7.737106211 7.936400657 8.186518540 9.395045948 10.38130963 10.59851622 14.39965438 24.80059879 182.7414046
