GS_seine
   0.0688   0.1931   0.4367   0.7152   0.8905   1.0000   1.0000   1.0000   1.0000
sel_naa
   6.8534   3.0812  78.7974  77.1809  18.3227   1.0000   1.4667   1.0001   1.7036
 121.8272  13.9113   4.7690  77.7454  52.0096  10.3978   0.4617   0.7167   1.3488
 109.8678 250.2062  22.3662   5.3389  63.7225  37.7116   6.5990   0.2912   1.3118
  45.3103 225.9760 404.6573  25.2951   4.5435  47.3063  24.6431   4.2219   0.8501
  13.1117  93.6666 370.0959 467.7981  21.6219   3.2923  30.8899  16.4327   3.3637
  29.8865  27.1779 155.2928 437.8189 413.7723  16.7408   1.6656  21.5735  13.9890
   5.9898  61.9325  45.0475 183.4370 385.3303 324.5902  11.2419   0.9441  24.8399
  22.2015  12.4305 103.1313  53.7809 164.1751 308.0566 231.0857   7.8906  18.3899
  17.9116  46.0774  20.7034 123.1862  48.0828 131.2971 219.2808 165.3748  18.6991
   3.1835  37.1742  76.7467  24.7704 110.3963  38.4625  92.7503 154.7148 131.1285
   6.9132   6.6061  61.8774  91.4472  22.0511  87.8629  27.1321  65.6330 202.8367
  54.6771  14.3417  10.9831  73.6287  81.4310  17.4725  61.7028  19.0418 188.9545
  38.7477 113.3118  23.7916  13.0044  64.7675  63.2980  11.9333  42.5950 143.8573
  16.5589  80.0538 186.1760  27.6028  10.8553  46.7957  40.0058   7.7021 122.0984
  18.2208  34.2608 132.1347 218.0465  23.9664   8.2348  30.9711  26.4632  87.1609
  18.9852  37.6166  56.1667 152.1729 183.6372  17.6024   4.1641  17.7827  70.0772
  14.8036  39.2093  61.7697  65.1202 129.9459 137.1182  11.2269   2.0188  50.7363
  25.8392  30.5852  64.4783  71.7910  55.7905  97.5788  88.7378   5.9850  30.2587
   5.4441  53.3000  50.0609  74.1269  60.3533  41.0995  61.6818  55.9504  19.7859
   5.6894  11.2350  87.3468  57.6176  61.7005  43.8445  25.6782  38.9503  44.5953
  32.5209  11.7367  18.3950 100.3501  48.3213  44.7152  27.4580  15.7172  49.7420
  47.8472  67.0647  19.2011  21.0912  83.1560  34.3402  27.4534  16.9734  38.5561
  20.0167  98.6430 109.5990  21.9731  17.2685  55.8466  20.7490  15.9828  33.8939
   7.1855  41.3783 162.4344 127.4731  18.5344  12.0450  34.4955  12.6716  31.7761
   7.2011  14.8488  68.0740 188.3070 106.6707  12.9922   6.7754  21.2184  27.9605
  15.9982  14.8912  24.4801  79.5402 162.4112  80.0106   7.7910   3.2022  31.2096
  15.4268  33.0587  24.4994  28.4671  67.8016 120.1182  50.5086   4.4293  21.6949
  15.0765  31.7261  53.6568  28.0046  23.5007  46.5843  74.7993  31.3559  16.1942
  25.7972  31.0888  51.8854  61.4615  23.3943  16.8126  28.1032  46.0846  30.1300
  44.0045  53.1749  50.7672  58.8476  50.3799  16.2686   9.6068  16.3707  47.0110
  31.9659  90.8707  87.3095  58.6973  49.6423  36.8091   9.9035   5.5025  39.5016
  26.4625  65.8890 148.2967  99.3184  46.6903  33.5378  21.7495   5.2787  26.9874
  16.1762  54.6432 108.1716 171.5575  84.0070  33.8685  21.1099  13.6749  20.3450
  17.9523  33.4747  90.2362 126.8056 148.8991  63.7178  21.9336  13.6385  22.3400
  14.3546  37.0993  55.0529 104.7080 107.0704 109.9320  40.3530  12.8914  22.2080
  10.9016  29.6437  60.8432  63.1999  87.9333  77.8096  71.6809  26.2755  23.1303
   8.9877  22.4943  48.5486  69.9901  53.2872  65.2207  50.6032  46.6517  32.2613
  12.4732  18.5798  37.0508  56.6439  60.4875  40.8259  44.0331  34.1615  53.2909
tot_sel_N
 189.4060 283.1874 497.4151 782.8035 1020.2728 1117.9172 1043.3532 921.1421 790.6133 669.3272 572.3597 522.2333 515.3067 537.8486 579.4591 558.2050 511.9488 471.0446 421.8028 376.6577 348.9565 355.6834 393.9727 447.9939 454.0481 419.5343 366.0047 320.8982 314.7574 346.4312 410.2023 474.2103 523.5538 538.9979 503.6696 451.4180 398.0448 357.5467
est_seine_comp
   0.0362   0.0163   0.4160   0.4075   0.0967   0.0053   0.0077   0.0053   0.0090
   0.4302   0.0491   0.0168   0.2745   0.1837   0.0367   0.0016   0.0025   0.0048
   0.2209   0.5030   0.0450   0.0107   0.1281   0.0758   0.0133   0.0006   0.0026
   0.0579   0.2887   0.5169   0.0323   0.0058   0.0604   0.0315   0.0054   0.0011
   0.0129   0.0918   0.3627   0.4585   0.0212   0.0032   0.0303   0.0161   0.0033
   0.0267   0.0243   0.1389   0.3916   0.3701   0.0150   0.0015   0.0193   0.0125
   0.0057   0.0594   0.0432   0.1758   0.3693   0.3111   0.0108   0.0009   0.0238
   0.0241   0.0135   0.1120   0.0584   0.1782   0.3344   0.2509   0.0086   0.0200
   0.0227   0.0583   0.0262   0.1558   0.0608   0.1661   0.2774   0.2092   0.0237
   0.0048   0.0555   0.1147   0.0370   0.1649   0.0575   0.1386   0.2311   0.1959
   0.0121   0.0115   0.1081   0.1598   0.0385   0.1535   0.0474   0.1147   0.3544
   0.1047   0.0275   0.0210   0.1410   0.1559   0.0335   0.1182   0.0365   0.3618
   0.0752   0.2199   0.0462   0.0252   0.1257   0.1228   0.0232   0.0827   0.2792
   0.0308   0.1488   0.3461   0.0513   0.0202   0.0870   0.0744   0.0143   0.2270
   0.0314   0.0591   0.2280   0.3763   0.0414   0.0142   0.0534   0.0457   0.1504
   0.0340   0.0674   0.1006   0.2726   0.3290   0.0315   0.0075   0.0319   0.1255
   0.0289   0.0766   0.1207   0.1272   0.2538   0.2678   0.0219   0.0039   0.0991
   0.0549   0.0649   0.1369   0.1524   0.1184   0.2072   0.1884   0.0127   0.0642
   0.0129   0.1264   0.1187   0.1757   0.1431   0.0974   0.1462   0.1326   0.0469
   0.0151   0.0298   0.2319   0.1530   0.1638   0.1164   0.0682   0.1034   0.1184
   0.0932   0.0336   0.0527   0.2876   0.1385   0.1281   0.0787   0.0450   0.1425
   0.1345   0.1886   0.0540   0.0593   0.2338   0.0965   0.0772   0.0477   0.1084
   0.0508   0.2504   0.2782   0.0558   0.0438   0.1418   0.0527   0.0406   0.0860
   0.0160   0.0924   0.3626   0.2845   0.0414   0.0269   0.0770   0.0283   0.0709
   0.0159   0.0327   0.1499   0.4147   0.2349   0.0286   0.0149   0.0467   0.0616
   0.0381   0.0355   0.0584   0.1896   0.3871   0.1907   0.0186   0.0076   0.0744
   0.0421   0.0903   0.0669   0.0778   0.1852   0.3282   0.1380   0.0121   0.0593
   0.0470   0.0989   0.1672   0.0873   0.0732   0.1452   0.2331   0.0977   0.0505
   0.0820   0.0988   0.1648   0.1953   0.0743   0.0534   0.0893   0.1464   0.0957
   0.1270   0.1535   0.1465   0.1699   0.1454   0.0470   0.0277   0.0473   0.1357
   0.0779   0.2215   0.2128   0.1431   0.1210   0.0897   0.0241   0.0134   0.0963
   0.0558   0.1389   0.3127   0.2094   0.0985   0.0707   0.0459   0.0111   0.0569
   0.0309   0.1044   0.2066   0.3277   0.1605   0.0647   0.0403   0.0261   0.0389
   0.0333   0.0621   0.1674   0.2353   0.2763   0.1182   0.0407   0.0253   0.0414
   0.0285   0.0737   0.1093   0.2079   0.2126   0.2183   0.0801   0.0256   0.0441
   0.0241   0.0657   0.1348   0.1400   0.1948   0.1724   0.1588   0.0582   0.0512
   0.0226   0.0565   0.1220   0.1758   0.1339   0.1639   0.1271   0.1172   0.0810
   0.0349   0.0520   0.1036   0.1584   0.1692   0.1142   0.1232   0.0955   0.1490
res_c_comp
  -0.0277  -0.0105   0.0291   0.0191  -0.0127  -0.0016   0.0016   0.0001   0.0026
   0.0628   0.0311  -0.0012  -0.0412  -0.0596   0.0112   0.0001   0.0009  -0.0040
  -0.0043   0.0481  -0.0112  -0.0024  -0.0038  -0.0220  -0.0046   0.0014  -0.0012
  -0.0415  -0.0196   0.0662  -0.0135   0.0124   0.0110  -0.0085  -0.0054  -0.0011
  -0.0105  -0.0366   0.0023  -0.0236   0.0048   0.0710   0.0068  -0.0109  -0.0033
  -0.0087  -0.0066  -0.0546  -0.0639   0.0453   0.0582   0.0405  -0.0032  -0.0070
  -0.0057  -0.0365  -0.0225  -0.0131   0.0472  -0.0120   0.0312   0.0243  -0.0128
  -0.0217  -0.0125  -0.0105   0.0489   0.0784   0.0923  -0.1685   0.0039  -0.0102
  -0.0132   0.0173  -0.0105   0.0095  -0.0025   0.0166   0.0282  -0.0548   0.0094
  -0.0033   0.0200  -0.0269  -0.0009  -0.0105   0.0022   0.0239  -0.0004  -0.0040
  -0.0113  -0.0063  -0.0420  -0.0212  -0.0009   0.0374   0.0166   0.0291  -0.0014
  -0.0845  -0.0255  -0.0127  -0.0390  -0.0109   0.0118   0.0695   0.0322   0.0591
   0.1239   0.0915  -0.0338  -0.0149  -0.0343  -0.0316  -0.0013  -0.0221  -0.0774
  -0.0192   0.0049   0.0068  -0.0272  -0.0050   0.0315   0.0372   0.0172  -0.0463
  -0.0269  -0.0307  -0.0544  -0.0161  -0.0074   0.0094   0.0535   0.0450   0.0276
  -0.0220  -0.0124  -0.0086  -0.0126  -0.0280   0.0215   0.0135   0.0201   0.0256
  -0.0259  -0.0266  -0.0507  -0.0392  -0.0268  -0.0128   0.0541   0.0421   0.0849
   0.0592   0.0261   0.0301  -0.0044  -0.0324  -0.0472  -0.0584   0.0233   0.0058
  -0.0119  -0.0584  -0.0557  -0.0547  -0.0281   0.0156  -0.0002   0.0464   0.1471
  -0.0051  -0.0048   0.0751  -0.0240  -0.0198  -0.0094  -0.0202   0.0066   0.0026
  -0.0642  -0.0106  -0.0227  -0.0886   0.0295  -0.0281   0.0193   0.0620   0.1055
  -0.1055  -0.0246  -0.0040  -0.0193   0.0582  -0.0025   0.0388   0.0183   0.0416
  -0.0308   0.0956   0.0338  -0.0158  -0.0008  -0.0378  -0.0087  -0.0056  -0.0300
  -0.0150  -0.0654   0.0024  -0.0395   0.0026   0.0431   0.0150   0.0217   0.0351
  -0.0149  -0.0297  -0.1119   0.0223   0.0111   0.0074   0.0391   0.0243   0.0474
  -0.0368  -0.0314  -0.0483  -0.0463   0.0747   0.0060   0.0367   0.0384   0.0068
   0.0045   0.0342  -0.0150  -0.0272   0.0475  -0.0830   0.0057   0.0078   0.0250
  -0.0312   0.0167   0.0305  -0.0248   0.0192   0.0570  -0.0344  -0.0367   0.0036
  -0.0083   0.0069   0.0203  -0.0150   0.0093   0.0090   0.0138  -0.0190  -0.0185
   0.0260   0.0393   0.0060  -0.0270  -0.0376   0.0041   0.0117   0.0092  -0.0353
  -0.0505   0.0711   0.0255  -0.0150  -0.0209  -0.0221   0.0214   0.0193  -0.0287
  -0.0545  -0.0820   0.0112   0.0221   0.0427   0.0343   0.0068   0.0285  -0.0092
  -0.0207  -0.0016  -0.0010   0.0509  -0.0073   0.0057  -0.0020  -0.0062  -0.0182
  -0.0306  -0.0322  -0.0458   0.0484   0.0252   0.0123   0.0248   0.0036  -0.0057
  -0.0178  -0.0060   0.0033   0.0475   0.0535  -0.0442  -0.0160   0.0030  -0.0233
  -0.0124  -0.0132   0.0247  -0.0227   0.0314   0.0297   0.0032  -0.0115  -0.0293
  -9.0226  -9.0565  -9.1220  -9.1758  -9.1339  -9.1639  -9.1271  -9.1172  -9.0810
  -0.0067  -0.0244  -0.0147   0.0186   0.0463   0.0718   0.0324  -0.0166  -0.1068
est_mat_comp
   0.0802   0.0230   0.4172   0.3493   0.1041   0.0051   0.0074   0.0051   0.0086
   0.6287   0.0458   0.0111   0.1551   0.1303   0.0232   0.0010   0.0016   0.0030
   0.3303   0.4804   0.0304   0.0062   0.0930   0.0490   0.0086   0.0004   0.0017
   0.1084   0.3452   0.4380   0.0234   0.0053   0.0489   0.0255   0.0044   0.0009
   0.0288   0.1314   0.3679   0.3975   0.0231   0.0031   0.0294   0.0156   0.0032
   0.0585   0.0340   0.1375   0.3313   0.3931   0.0142   0.0014   0.0183   0.0118
   0.0125   0.0823   0.0424   0.1477   0.3895   0.2922   0.0101   0.0008   0.0224
   0.0526   0.0188   0.1106   0.0493   0.1890   0.3158   0.2369   0.0081   0.0189
   0.0499   0.0820   0.0261   0.1327   0.0651   0.1582   0.2642   0.1993   0.0225
   0.0104   0.0778   0.1138   0.0314   0.1757   0.0545   0.1314   0.2192   0.1858
   0.0275   0.0168   0.1115   0.1409   0.0427   0.1514   0.0467   0.1131   0.3494
   0.2095   0.0351   0.0190   0.1091   0.1515   0.0289   0.1022   0.0315   0.3131
   0.1427   0.2665   0.0396   0.0185   0.1158   0.1008   0.0190   0.0678   0.2291
   0.0360   0.1560   0.3356   0.0487   0.0226   0.0867   0.0741   0.0143   0.2261
   0.0373   0.0628   0.2242   0.3624   0.0469   0.0144   0.0540   0.0461   0.1519
   0.0386   0.0685   0.0947   0.2512   0.3571   0.0305   0.0072   0.0308   0.1213
   0.0330   0.0782   0.1139   0.1176   0.2764   0.2598   0.0213   0.0038   0.0961
   0.0634   0.0672   0.1310   0.1429   0.1308   0.2037   0.1853   0.0125   0.0632
   0.0149   0.1310   0.1138   0.1651   0.1583   0.0960   0.1441   0.1307   0.0462
   0.0176   0.0310   0.2233   0.1443   0.1819   0.1151   0.0674   0.1023   0.1171
   0.1073   0.0347   0.0503   0.2687   0.1524   0.1256   0.0771   0.0441   0.1397
   0.1494   0.1875   0.0497   0.0534   0.2482   0.0913   0.0730   0.0451   0.1025
   0.0587   0.2590   0.2662   0.0523   0.0484   0.1393   0.0518   0.0399   0.0846
   0.0190   0.0982   0.3566   0.2741   0.0469   0.0272   0.0778   0.0286   0.0717
   0.0185   0.0341   0.1445   0.3915   0.2612   0.0283   0.0148   0.0463   0.0610
   0.0429   0.0357   0.0543   0.1729   0.4157   0.1824   0.0178   0.0073   0.0711
   0.0481   0.0923   0.0633   0.0720   0.2021   0.3188   0.1341   0.0118   0.0576
   0.0545   0.1026   0.1605   0.0821   0.0811   0.1432   0.2299   0.0964   0.0498
   0.0949   0.1024   0.1581   0.1834   0.0822   0.0526   0.0880   0.1442   0.0943
   0.1440   0.1558   0.1376   0.1563   0.1576   0.0453   0.0268   0.0456   0.1309
   0.0891   0.2268   0.2016   0.1327   0.1322   0.0873   0.0235   0.0131   0.0937
   0.0649   0.1446   0.3011   0.1975   0.1094   0.0700   0.0454   0.0110   0.0563
   0.0360   0.1088   0.1992   0.3094   0.1784   0.0641   0.0399   0.0259   0.0385
   0.0381   0.0636   0.1586   0.2183   0.3019   0.1150   0.0396   0.0246   0.0403
   0.0328   0.0758   0.1041   0.1939   0.2335   0.2135   0.0784   0.0250   0.0431
   0.0278   0.0676   0.1284   0.1307   0.2141   0.1687   0.1554   0.0570   0.0502
   0.0262   0.0588   0.1173   0.1657   0.1486   0.1619   0.1256   0.1158   0.0801
   0.0402   0.0536   0.0989   0.1482   0.1863   0.1120   0.1208   0.0937   0.1462
res_mat_comp
  -0.0296  -0.0144  -0.0065   0.0357   0.0204   0.0004  -0.0041  -0.0007  -0.0012
  -0.0102   0.0253   0.0005   0.0121  -0.0359   0.0106  -0.0005   0.0008  -0.0028
  -0.1140   0.0719   0.0001   0.0026   0.0260   0.0110   0.0010   0.0016  -0.0002
  -0.0382   0.0430   0.0025  -0.0075   0.0113   0.0006  -0.0099  -0.0018   0.0001
  -0.0236  -0.0927  -0.0303   0.0175   0.0143   0.1094   0.0221  -0.0136  -0.0032
  -0.0279  -0.0101  -0.0398   0.0280  -0.0078   0.0435   0.0307  -0.0067  -0.0100
  -0.0125  -0.0623  -0.0126   0.0268   0.0566  -0.0259   0.0350   0.0122  -0.0174
  -0.0504  -0.0147  -0.0070   0.0648   0.1010   0.0861  -0.1701   0.0034  -0.0131
   0.0091   0.0103  -0.0088   0.0139  -0.0145   0.0050   0.0302  -0.0622   0.0170
  -0.0095   0.0184   0.0551   0.0099  -0.0275  -0.0052   0.0287  -0.0240  -0.0459
  -0.0256  -0.0115  -0.0221  -0.0087  -0.0058   0.0251   0.0184   0.0351  -0.0048
  -0.0485  -0.0201  -0.0030   0.0749   0.0305   0.0211  -0.0002   0.0155  -0.0701
   0.0583   0.0435  -0.0316  -0.0095   0.0082   0.0012   0.0070  -0.0138  -0.0631
  -0.0260  -0.0540  -0.0196  -0.0307  -0.0106   0.0453   0.0659   0.0187   0.0099
  -0.0343  -0.0378  -0.0652  -0.0244  -0.0179   0.0156   0.0620   0.0609   0.0411
  -0.0266  -0.0135  -0.0027   0.0088  -0.0561   0.0225   0.0138   0.0212   0.0298
  -0.0000  -0.0000  -0.0000  -0.0000  -0.0000  -0.0000  -0.0000  -0.0000  -0.0000
   0.0617   0.0028   0.0180  -0.0229  -0.0398  -0.0327  -0.0473   0.0395   0.0188
  -0.0000  -0.0000  -0.0000  -0.0000  -0.0000  -0.0000  -0.0000  -0.0000  -0.0000
  -0.0126  -0.0140  -0.0413  -0.0353  -0.0529  -0.0101   0.0036   0.0427   0.1179
  -0.0000  -0.0000  -0.0000  -0.0000  -0.0000  -0.0000  -0.0000  -0.0000  -0.0000
  -0.0444   0.1485   0.0123  -0.0174  -0.0232  -0.0323  -0.0140  -0.0061  -0.0225
  -0.0000  -0.0000  -0.0000  -0.0000  -0.0000  -0.0000  -0.0000  -0.0000  -0.0000
  -0.0000  -0.0000  -0.0000  -0.0000  -0.0000  -0.0000  -0.0000  -0.0000  -0.0000
  -0.0000  -0.0000  -0.0000  -0.0000  -0.0000  -0.0000  -0.0000  -0.0000  -0.0000
  -0.0412  -0.0304  -0.0446  -0.0404   0.0270   0.0201   0.0398   0.0470   0.0228
   0.0110   0.0400  -0.0103  -0.0248   0.0258  -0.0759   0.0008   0.0094   0.0229
  -0.0387   0.0130   0.0372  -0.0196   0.0114   0.0590  -0.0312  -0.0354   0.0043
   0.0169   0.0233   0.0138  -0.0186  -0.0078   0.0008  -0.0017  -0.0169  -0.0119
   0.0316   0.0515   0.0212  -0.0209  -0.0574  -0.0025   0.0107   0.0013  -0.0396
  -0.0641   0.0208   0.0169  -0.0020  -0.0212  -0.0019   0.0319   0.0325  -0.0131
  -0.0000  -0.0000  -0.0000  -0.0000  -0.0000  -0.0000  -0.0000  -0.0000  -0.0000
  -0.0296  -0.0206  -0.0058   0.0691  -0.0160   0.0147   0.0047  -0.0027  -0.0142
  -0.0361  -0.0382  -0.0413   0.0539  -0.0087   0.0248   0.0327   0.0137  -0.0009
  -0.0216  -0.0139   0.0069   0.0602   0.0366  -0.0393  -0.0119   0.0050  -0.0220
  -0.0188  -0.0265   0.0055  -0.0108   0.0251   0.0424   0.0195  -0.0072  -0.0291
  -0.0000  -0.0000  -0.0000  -0.0000  -0.0000  -0.0000  -0.0000  -0.0000  -0.0000
   0.0241  -0.0288  -0.0329  -0.0089   0.0160   0.0666   0.0471   0.0049  -0.0882
naa
  99.6091  15.9553 180.4394 107.9161  20.5753   1.0000   1.4667   1.0001   1.7036
 1770.6556  72.0362  10.9206 108.7054  58.4036  10.3978   0.4617   0.7167   1.3488
 1596.8348 1295.6347  51.2167   7.4650  71.5565  37.7116   6.5990   0.2912   1.3118
 658.5462 1170.1643 926.6311  35.3683   5.1021  47.3063  24.6431   4.2219   0.8501
 190.5669 485.0308 847.4884 654.0861  24.2801   3.2923  30.8899  16.4327   3.3637
 434.3746 140.7345 355.6075 612.1685 464.6413  16.7408   1.6656  21.5735  13.9890
  87.0560 320.7033 103.1550 256.4859 432.7026 324.5902  11.2419   0.9441  24.8399
 322.6795  64.3685 236.1620  75.1977 184.3587 308.0566 231.0857   7.8906  18.3899
 260.3306 238.6009  47.4091 172.2418  53.9940 131.2971 219.2808 165.3748  18.6991
  46.2699 192.4978 175.7436  34.6345 123.9683  38.4625  92.7503 154.7148 131.1285
 100.4771  34.2081 141.6940 127.8636  24.7621  87.8629  27.1321  65.6330 202.8367
 794.6859  74.2654  25.1505 102.9493  91.4420  17.4725  61.7028  19.0418 188.9545
 563.1656 586.7588  54.4807  18.1830  72.7300  63.2980  11.9333  42.5950 143.8573
 240.6696 414.5398 426.3274  38.5949  12.1898  46.7957  40.0058   7.7021 122.0984
 264.8240 177.4113 302.5773 304.8777  26.9128   8.2348  30.9711  26.4632  87.1609
 275.9343 194.7887 128.6169 212.7716 206.2134  17.6024   4.1641  17.7827  70.0772
 215.1572 203.0364 141.4475  91.0526 145.9214 137.1182  11.2269   2.0188  50.7363
 375.5509 158.3781 147.6498 100.3799  62.6494  97.5788  88.7378   5.9850  30.2587
  79.1253 276.0016 114.6353 103.6459  67.7731  41.0995  61.6818  55.9504  19.7859
  82.6912  58.1780 200.0168  80.5622  69.2860  43.8445  25.6782  38.9503  44.5953
 472.6639  60.7759  42.1229 140.3118  54.2619  44.7152  27.4580  15.7172  49.7420
 695.4190 347.2791  43.9690  29.4903  93.3791  34.3402  27.4534  16.9734  38.5561
 290.9262 510.7997 250.9725  30.7233  19.3915  55.8466  20.7490  15.9828  33.8939
 104.4352 214.2677 371.9612 178.2358  20.8130  12.0450  34.4955  12.6716  31.7761
 104.6620  76.8909 155.8838 263.2952 119.7847  12.9922   6.7754  21.2184  27.9605
 232.5196  77.1108  56.0573 111.2150 182.3780  80.0106   7.7910   3.2022  31.2096
 224.2153 171.1866  56.1016  39.8034  76.1371 120.1182  50.5086   4.4293  21.6949
 219.1242 164.2862 122.8695  39.1566  26.3899  46.5843  74.7993  31.3559  16.1942
 374.9403 160.9860 118.8131  85.9369  26.2704  16.8126  28.1032  46.0846  30.1300
 639.5677 275.3539 116.2525  82.2821  56.5736  16.2686   9.6068  16.3707  47.0110
 464.5971 470.5528 199.9314  82.0720  55.7453  36.8091   9.9035   5.5025  39.5016
 384.6096 341.1908 339.5870 138.8693  52.4303  33.5378  21.7495   5.2787  26.9874
 235.1068 282.9572 247.7038 239.8756  94.3348  33.8685  21.1099  13.6749  20.3450
 260.9211 173.3411 206.6334 177.3025 167.2047  63.7178  21.9336  13.6385  22.3400
 208.6315 192.1101 126.0665 146.4051 120.2336 109.9320  40.3530  12.8914  22.2080
 158.4461 153.5031 139.3258  88.3676  98.7437  77.8096  71.6809  26.2755  23.1303
 130.6284 116.4813 111.1722  97.8618  59.8384  65.2207  50.6032  46.6517  32.2613
 181.2879  96.2111  84.8433  79.2008  67.9238  40.8259  44.0331  34.1615  53.2909
post_naa
  97.2111  14.7371 146.6954  78.8143  14.0316   0.6231   0.9671   0.6751   1.1450
 1748.4284  69.1157  10.0738  96.5638  50.8909   8.9052   0.3930   0.6208   1.1494
 1579.1090 1250.4667  47.7286   6.8851  63.8387  33.2553   5.6973   0.2607   0.8865
 654.5376 1143.6656 882.6737  32.7654   4.4428  41.6852  22.1756   3.7809   0.7584
 189.9179 479.8839 826.1069 627.0224  22.5913   2.2476  29.1129  15.6698   3.2079
 432.7815 139.2052 346.1216 583.9219 438.0268  15.1707   1.2741  20.2808  13.2401
  86.8638 318.6950 101.4775 248.7877 415.7151 311.8447  10.6482   0.7739  24.0429
 321.9863  63.9775 232.4363  72.8637 177.1823 295.9143 223.1694   7.4953  17.7388
 259.7712 237.1618  46.7385 167.2924  51.9043 125.1643 208.7840 159.1326  17.8221
  46.1630 191.2127 172.5489  33.4159 118.5689  36.6142  88.5702 148.0244 125.6989
 100.2194  33.9400 138.9277 123.3989  23.5788  83.2664  25.6965  62.0851 192.9045
 791.8171  73.5205  24.5376  98.1474  85.4192  16.1037  57.4810  17.4416 176.6904
 559.4117 575.3187  52.0829  16.4498  63.1497  53.9869  10.3937  37.3469 127.4219
 239.4124 408.3209 411.4253  36.3182  11.1126  41.7948  35.7114   6.6453 110.9763
 262.8627 173.5655 287.1303 278.2802  23.7540   5.6194  23.9974  21.0407  73.5269
 273.9929 190.8800 122.8733 196.9175 185.0377  15.1504   2.7243  13.6003  54.8671
 213.7276 199.2499 135.4603  84.5439 131.6803 119.7495   8.0767   0.4068  40.4266
 372.4576 154.6976 139.8677  91.4582  55.4628  83.2381  75.5037   3.2148  23.4859
  78.5099 269.9180 108.7168  93.4998  59.1671  34.6522  52.5626  46.4811  13.6991
  82.0156  56.8439 189.3475  73.2252  60.3421  37.0540  21.2100  32.0820  35.0436
 468.6450  59.3351  39.7964 126.0129  46.3413  37.0477  22.9052  11.5656  40.4649
 689.3121 338.6815  41.4603  26.1683  75.3637  28.0003  21.5685  13.6640  32.0750
 289.1492 501.9528 240.5250  28.0866  16.2545  46.5509  17.1000  13.3570  29.5241
 103.7625 210.3615 355.3106 161.6467  17.5326   9.1433  28.6338  10.4692  27.2629
 104.0592  75.6481 150.0820 246.1148 107.9724  10.5137   4.3213  18.4244  23.6922
 231.0123  75.7078  53.7137 102.7453 162.0967  68.1602   5.9772   2.0571  27.2197
 221.7003 165.8094  52.8409  35.6125  62.8644 100.9399  42.3140   3.6624  18.1912
 217.2468 160.3355 115.9698  35.4513  22.6882  37.9246  62.1900  26.9425  13.7173
 371.5836 156.8801 111.0377  76.3447  21.9541  12.9641  22.0918  37.9607  25.4796
 634.9998 269.8028 110.7542  75.2269  49.6730  13.3645   7.4255  13.4027  39.9037
 460.4290 458.2647 187.4008  70.7535  45.2585  29.3505   7.1235   3.5786  32.8402
 381.8441 334.2704 323.7065 127.3026  45.7048  28.4873  18.4540   4.0429  23.4122
 233.9197 278.8468 239.2655 225.6388  85.9857  29.5989  18.4048  11.9266  18.2207
 259.2480 170.1237 197.5703 162.2524 148.3507  54.4555  17.3967  10.9638  19.0054
 207.1488 188.0168 119.2500 133.2523 105.0022  96.7317  35.4582  11.2759  19.9378
 157.1887 150.0243 132.0622  80.7504  88.0138  68.2879  62.9553  23.1110  20.4248
 129.8346 114.4940 106.8796  91.6616  55.0936  59.4217  46.1002  42.5117  29.4031
 179.9967  94.2772  80.9230  73.0113  61.0087  35.9313  38.8948  30.2827  47.6310
Sur
   0.7410   0.7410   0.7410   0.7410   0.7410   0.7410   0.7410   0.7410   0.7410
mat_naa
  15.8495   4.5506  82.4473  69.0153  20.5753   1.0000   1.4667   1.0001   1.7036
 281.7409  20.5453   4.9899  69.5201  58.4036  10.3978   0.4617   0.7167   1.3488
 254.0831 369.5257  23.4022   4.7741  71.5565  37.7116   6.5990   0.2912   1.3118
 104.7857 333.7405 423.4009  22.6190   5.1021  47.3063  24.6431   4.2219   0.8501
  30.3224 138.3348 387.2387 418.3063  24.2801   3.2923  30.8899  16.4327   3.3637
  69.1163  40.1386 162.4860 391.4988 464.6413  16.7408   1.6656  21.5735  13.9890
  13.8521  91.4672  47.1341 164.0299 432.7026 324.5902  11.2419   0.9441  24.8399
  51.3437  18.3584 107.9083  48.0910 184.3587 308.0566 231.0857   7.8906  18.3899
  41.4230  68.0510  21.6624 110.1534  53.9940 131.2971 219.2808 165.3748  18.6991
   7.3623  54.9020  80.3016  22.1497 123.9683  38.4625  92.7503 154.7148 131.1285
  15.9876   9.7564  64.7435  81.7723  24.7621  87.8629  27.1321  65.6330 202.8367
 126.4478  21.1811  11.4919  65.8390  91.4420  17.4725  61.7028  19.0418 188.9545
  89.6091 167.3485  24.8936  11.6285  72.7300  63.2980  11.9333  42.5950 143.8573
  19.4589  84.2340 181.2151  26.3165  12.1898  46.7957  40.0058   7.7021 122.0984
  21.4119  36.0498 128.6138 207.8856  26.9128   8.2348  30.9711  26.4632  87.1609
  22.3102  39.5808  54.6700 145.0816 206.2134  17.6024   4.1641  17.7827  70.0772
  17.3962  41.2567  60.1238  62.0856 145.9214 137.1182  11.2269   2.0188  50.7363
  30.3645  32.1822  62.7602  68.4456  62.6494  97.5788  88.7378   5.9850  30.2587
   6.3975  56.0832  48.7270  70.6726  67.7731  41.0995  61.6818  55.9504  19.7859
   6.6859  11.8217  85.0193  54.9326  69.2860  43.8445  25.6782  38.9503  44.5953
  38.2164  12.3496  17.9048  95.6738  54.2619  44.7152  27.4580  15.7172  49.7420
  56.2269  70.5667  18.6895  20.1084  93.3791  34.3402  27.4534  16.9734  38.5561
  23.5223 103.7939 106.6786  20.9491  19.3915  55.8466  20.7490  15.9828  33.8939
   8.4439  43.5389 158.1061 121.5328  20.8130  12.0450  34.4955  12.6716  31.7761
   8.4623  15.6241  66.2601 179.5319 119.7847  12.9922   6.7754  21.2184  27.9605
  18.8000  15.6688  23.8278  75.8336 182.3780  80.0106   7.7910   3.2022  31.2096
  18.1285  34.7849  23.8466  27.1405  76.1371 120.1182  50.5086   4.4293  21.6949
  17.7169  33.3827  52.2270  26.6995  26.3899  46.5843  74.7993  31.3559  16.1942
  30.3151  32.7122  50.5028  58.5974  26.2704  16.8126  28.1032  46.0846  30.1300
  51.7111  55.9516  49.4144  56.1053  56.5736  16.2686   9.6068  16.3707  47.0110
  37.5642  95.6157  84.9830  55.9620  55.7453  36.8091   9.9035   5.5025  39.5016
  31.0969  69.3296 144.3452  94.6901  52.4303  33.5378  21.7495   5.2787  26.9874
  19.0091  57.4966 105.2892 163.5629  94.3348  33.8685  21.1099  13.6749  20.3450
  21.0963  35.2227  87.8318 120.8964 167.2047  63.7178  21.9336  13.6385  22.3400
  16.8685  39.0365  53.5859  99.8286 120.2336 109.9320  40.3530  12.8914  22.2080
  12.8109  31.1916  59.2219  60.2548  98.7437  77.8096  71.6809  26.2755  23.1303
  10.5617  23.6688  47.2550  66.7286  59.8384  65.2207  50.6032  46.6517  32.2613
  14.6577  19.5500  36.0636  54.0043  67.9238  40.8259  44.0331  34.1615  53.2909
maturity
   0.1591   0.2852   0.4569   0.6395   1.0000   1.0000   1.0000   1.0000   1.0000
   0.1591   0.2852   0.4569   0.6395   1.0000   1.0000   1.0000   1.0000   1.0000
   0.1591   0.2852   0.4569   0.6395   1.0000   1.0000   1.0000   1.0000   1.0000
   0.1591   0.2852   0.4569   0.6395   1.0000   1.0000   1.0000   1.0000   1.0000
   0.1591   0.2852   0.4569   0.6395   1.0000   1.0000   1.0000   1.0000   1.0000
   0.1591   0.2852   0.4569   0.6395   1.0000   1.0000   1.0000   1.0000   1.0000
   0.1591   0.2852   0.4569   0.6395   1.0000   1.0000   1.0000   1.0000   1.0000
   0.1591   0.2852   0.4569   0.6395   1.0000   1.0000   1.0000   1.0000   1.0000
   0.1591   0.2852   0.4569   0.6395   1.0000   1.0000   1.0000   1.0000   1.0000
   0.1591   0.2852   0.4569   0.6395   1.0000   1.0000   1.0000   1.0000   1.0000
   0.1591   0.2852   0.4569   0.6395   1.0000   1.0000   1.0000   1.0000   1.0000
   0.1591   0.2852   0.4569   0.6395   1.0000   1.0000   1.0000   1.0000   1.0000
   0.1591   0.2852   0.4569   0.6395   1.0000   1.0000   1.0000   1.0000   1.0000
   0.0809   0.2032   0.4251   0.6819   1.0000   1.0000   1.0000   1.0000   1.0000
   0.0809   0.2032   0.4251   0.6819   1.0000   1.0000   1.0000   1.0000   1.0000
   0.0809   0.2032   0.4251   0.6819   1.0000   1.0000   1.0000   1.0000   1.0000
   0.0809   0.2032   0.4251   0.6819   1.0000   1.0000   1.0000   1.0000   1.0000
   0.0809   0.2032   0.4251   0.6819   1.0000   1.0000   1.0000   1.0000   1.0000
   0.0809   0.2032   0.4251   0.6819   1.0000   1.0000   1.0000   1.0000   1.0000
   0.0809   0.2032   0.4251   0.6819   1.0000   1.0000   1.0000   1.0000   1.0000
   0.0809   0.2032   0.4251   0.6819   1.0000   1.0000   1.0000   1.0000   1.0000
   0.0809   0.2032   0.4251   0.6819   1.0000   1.0000   1.0000   1.0000   1.0000
   0.0809   0.2032   0.4251   0.6819   1.0000   1.0000   1.0000   1.0000   1.0000
   0.0809   0.2032   0.4251   0.6819   1.0000   1.0000   1.0000   1.0000   1.0000
   0.0809   0.2032   0.4251   0.6819   1.0000   1.0000   1.0000   1.0000   1.0000
   0.0809   0.2032   0.4251   0.6819   1.0000   1.0000   1.0000   1.0000   1.0000
   0.0809   0.2032   0.4251   0.6819   1.0000   1.0000   1.0000   1.0000   1.0000
   0.0809   0.2032   0.4251   0.6819   1.0000   1.0000   1.0000   1.0000   1.0000
   0.0809   0.2032   0.4251   0.6819   1.0000   1.0000   1.0000   1.0000   1.0000
   0.0809   0.2032   0.4251   0.6819   1.0000   1.0000   1.0000   1.0000   1.0000
   0.0809   0.2032   0.4251   0.6819   1.0000   1.0000   1.0000   1.0000   1.0000
   0.0809   0.2032   0.4251   0.6819   1.0000   1.0000   1.0000   1.0000   1.0000
   0.0809   0.2032   0.4251   0.6819   1.0000   1.0000   1.0000   1.0000   1.0000
   0.0809   0.2032   0.4251   0.6819   1.0000   1.0000   1.0000   1.0000   1.0000
   0.0809   0.2032   0.4251   0.6819   1.0000   1.0000   1.0000   1.0000   1.0000
   0.0809   0.2032   0.4251   0.6819   1.0000   1.0000   1.0000   1.0000   1.0000
   0.0809   0.2032   0.4251   0.6819   1.0000   1.0000   1.0000   1.0000   1.0000
   0.0809   0.2032   0.4251   0.6819   1.0000   1.0000   1.0000   1.0000   1.0000
sel_baa
   7.3453   3.5464 117.7348 129.5815  32.0202   1.6631   1.8275   2.4921   4.6276
  77.4360  10.0704   3.6207  79.3412  58.0359  11.7127   0.5804   0.9895   1.8670
  41.5250 120.2201  12.2304   3.0804  44.8375  29.4921   5.4526   0.2503   1.2658
  10.3030  68.4160 149.3937  10.5988   2.0779  23.6893  13.3478   2.4108   0.5634
   1.9020  19.5546  97.9404 143.9699   7.2902   1.2617  12.6554   6.9418   1.4704
   4.0636   4.9595  35.8395 124.5409 134.3564   6.0349   0.6421   8.7613   5.6938
   0.8898  11.9312  10.7939  53.6235 132.2162 122.5745   4.6116   0.4063  11.0204
   3.8105   2.4830  30.4532  18.5664  66.4798 143.8045 117.6574   4.2831  10.5510
   3.1264  10.8402   6.2848  47.5223  20.1913  66.9262 118.4307  95.5920  12.0813
   0.7520  10.8302  28.2070  10.8803  57.3978  22.1238  57.2304 101.9371  90.6231
   1.8238   2.4122  26.5949  48.4110  13.6770  59.8689  19.9571  51.0286 169.2945
  17.0659   5.1355   5.6994  44.1293  56.2901  13.3829  51.7505  17.0643 183.7093
  11.9558  45.7375  11.0346   8.1765  46.6300  51.7138  10.4441  40.9165 151.4757
   4.9260  30.9589  85.8451  14.3698   6.8621  31.5829  29.4549   6.2579 108.7813
   4.9713  13.1258  62.0244 116.2746  13.0697   5.4287  21.8069  19.9572  73.7725
   6.0540  14.5559  25.8594  79.6024 106.5889  10.5954   2.7527  12.7428  54.9203
   4.6034  15.9745  30.5436  37.8422  84.0251  97.3623   8.6230   1.6463  47.1939
   8.7776  12.8683  32.0392  41.8842  37.0344  70.0789  68.4646   4.7636  27.1601
   2.4136  27.5443  29.7917  51.4826  45.9853  34.4045  56.0969  52.5266  19.8322
   2.5836   6.4234  57.9446  41.6473  49.6132  38.2806  23.5721  38.1479  46.4759
  13.8562   6.0419  13.1582  87.8644  44.7430  44.9911  29.2213  17.6869  60.9994
  22.1751  39.2344  13.3942  18.5026  83.6052  37.0385  31.8106  20.5442  50.4133
   8.7944  52.2668  72.1275  17.2207  15.9891  58.0512  22.7599  18.3802  41.3779
   3.1437  20.8895  98.7613  91.1968  15.4192  11.5360  35.8620  13.8805  37.1442
   2.5931   7.8012  40.9401 125.9456  82.7632  11.2981   6.6745  22.3931  31.1086
   7.1881   7.9863  16.7337  57.8041 131.8053  72.5089   7.8104   3.4789  35.9251
   7.8491  21.8748  18.9516  26.7575  70.5898 137.0883  65.6239   6.1582  32.3113
   8.4362  23.4918  49.5894  28.9305  28.2117  60.2702 106.9828  48.4478  27.5947
  14.6481  23.0724  48.0867  63.6867  26.5291  21.5242  38.3033  65.7425  45.9797
  19.9425  32.5406  41.0321  57.0757  54.2437  19.0190  12.5620  22.4935  68.2228
  14.8222  48.2240  59.0974  48.4407  47.3619  38.1166  11.4572   6.6709  50.0994
  11.3281  32.9299  81.6209  65.5546  36.3314  29.4210  20.4098   5.3098  28.7549
   6.3899  23.8757  55.6146  96.2577  54.2119  24.3855  16.9467  11.0881  19.1063
   9.0958  17.6524  49.6270  77.5521  98.6192  46.9340  18.0578  12.0593  21.5330
   6.6776  18.2318  33.9867  68.8326  78.0078  83.9109  35.4645  13.0080  23.8591
   5.3195  16.9220  40.2004  49.1151  74.7524  69.9640  66.4549  26.4529  25.2879
   4.9736  14.5626  36.3783  61.6854  51.3739  66.5080  53.2046  53.2644  39.9999
   7.6843  13.3908  30.9074  55.5774  64.9208  46.3472  51.5406  43.4216  73.5581
tot_sel_B
 300.8385 243.6538 258.3543 280.8007 292.9863 324.8920 348.0675 398.0888 380.9952 379.9816 393.0679 394.2272 378.0845 319.0389 330.4312 313.6718 327.8144 303.0709 320.0776 304.6885 318.5623 316.7180 306.9677 327.8332 331.5175 341.2407 387.2047 381.9551 347.5727 327.1319 324.2904 311.6602 307.8762 351.1305 361.9790 374.4692 381.9507 387.3482
est_seine_naa
   2.2269   1.0012  25.6040  25.0788   5.9537   0.3249   0.4766   0.3250   0.5536
  16.2931   1.8605   0.6378  10.3976   6.9557   1.3906   0.0617   0.0958   0.1804
  11.4998  26.1890   2.3411   0.5588   6.6698   3.9472   0.6907   0.0305   0.1373
   3.9816  19.8577  35.5593   2.2228   0.3993   4.1570   2.1655   0.3710   0.0747
   0.5760   4.1148  16.2585  20.5507   0.9499   0.1446   1.3570   0.7219   0.1478
   1.5871   1.4433   8.2469  23.2505  21.9735   0.8890   0.0884   1.1457   0.7429
   0.1922   1.9873   1.4455   5.8861  12.3645  10.4155   0.3607   0.0303   0.7971
   0.6931   0.3881   3.2197   1.6790   5.1254   9.6173   7.2143   0.2463   0.5741
   0.5594   1.4391   0.6466   3.8475   1.5018   4.1008   6.8488   5.1652   0.5840
   0.1069   1.2481   2.5767   0.8316   3.7065   1.2913   3.1140   5.1944   4.4025
   0.2577   0.2463   2.3068   3.4091   0.8221   3.2755   1.0115   2.4468   7.5616
   2.8401   0.7450   0.5705   3.8245   4.2298   0.9076   3.2050   0.9891   9.8149
   3.7489  10.9631   2.3019   1.2582   6.2663   6.1242   1.1546   4.1211  13.9184
   1.2572   6.0779  14.1351   2.0957   0.8242   3.5529   3.0374   0.5848   9.2701
   1.9613   3.6878  14.2230  23.4706   2.5797   0.8864   3.3337   2.8485   9.3820
   1.9414   3.8467   5.7436  15.5612  18.7787   1.8000   0.4258   1.8185   7.1661
   1.4296   3.7865   5.9652   6.2887  12.5490  13.2417   1.0842   0.1950   4.8997
   3.0621   3.6245   7.6411   8.5077   6.6115  11.5637  10.5160   0.7093   3.5859
   0.6155   6.0256   5.6594   8.3801   6.8230   4.6464   6.9732   6.3253   2.2368
   0.6756   1.3341  10.3723   6.8420   7.3269   5.2065   3.0493   4.6253   5.2956
   3.9699   1.4327   2.2455  12.2499   5.8987   5.4585   3.3518   1.9186   6.0721
   6.1069   8.5597   2.4507   2.6919  10.6134   4.3829   3.5040   2.1664   4.9210
   1.7770   8.7569   9.7295   1.9506   1.5330   4.9577   1.8420   1.4189   3.0089
   0.6728   3.8742  15.2085  11.9351   1.7354   1.1278   3.2298   1.1864   2.9752
   0.6027   1.2428   5.6978  15.7614   8.9284   1.0875   0.5671   1.7760   2.3403
   1.5073   1.4030   2.3064   7.4939  15.3015   7.5382   0.7340   0.3017   2.9404
   1.8310   3.9238   2.9079   3.3788   8.0476  14.2572   5.9950   0.5257   2.5750
   1.8774   3.9507   6.6817   3.4873   2.9264   5.8010   9.3145   3.9046   2.0166
   3.3567   4.0452   6.7512   7.9972   3.0440   2.1876   3.6567   5.9964   3.9204
   4.5679   5.5198   5.2698   6.1086   5.2296   1.6887   0.9972   1.6993   4.8799
   4.1019  11.6607  11.2037   7.5322   6.3702   4.7234   1.2708   0.7061   5.0689
   2.7565   6.8634  15.4475  10.3456   4.8636   3.4935   2.2656   0.5499   2.8112
   1.1830   3.9961   7.9107  12.5462   6.1435   2.4768   1.5438   1.0001   1.4879
   1.6665   3.1075   8.3767  11.7714  13.8224   5.9150   2.0361   1.2661   2.0738
   1.3959   3.6078   5.3538  10.1826  10.4124  10.6906   3.9242   1.2537   2.1597
   1.2518   3.4038   6.9862   7.2568  10.0968   8.9344   8.2306   3.0170   2.6559
   0.7937   1.9865   4.2873   6.1808   4.7058   5.7596   4.4687   4.1198   2.8490
   1.2899   1.9214   3.8315   5.8576   6.2551   4.2219   4.5535   3.5327   5.5109
res_aerial
   0.0000   0.3758  -0.0000  -0.2066  -0.0000  -0.0000  -0.0000  -0.0000  -0.0000  -0.0000  -0.0000  -0.0000  -0.4210   0.0234  -0.1177   0.0000   0.0000  -0.0956   0.0000   0.2050   0.0000  -0.1217   0.0000   0.0000   0.0000  -0.0054   0.1153   0.0534   0.1184   0.1047  -0.0198   0.0000  -0.0675  -0.2378  -0.0094   0.1851   0.0000  -0.1356
est_mat_baa
 3217.4418 992.0254 23332.5819 21946.8742 6810.4228 315.0052 346.1381 472.0272 876.4874
 50713.3606 4211.7902 1072.8268 20091.3177 18455.5419 3316.9025 164.3712 280.2120 528.7154
 47767.6251 88316.6515 6365.3941 1370.1524 25044.7626 14669.7989 2712.1945 124.5067 629.6451
 18651.8566 79096.5070 122362.8654 7419.0267 1826.5462 18544.0506 10448.6852 1887.1707 441.0280
 4487.7114 29465.3110 104554.4375 131348.1638 8352.3595 1287.2724 12911.9833 7082.5149 1500.2163
 10505.6725 8188.2828 41921.3810 124496.6037 168664.7892 6746.5234 717.8538 9794.3592 6365.2427
 2147.0703 18384.9139 11783.5217 50029.1051 154907.5259 127888.5232 4811.5491 423.9221 11498.1391
 8117.3425 3377.9525 29351.0609 15292.9395 68765.8059 132464.3376 108379.1979 3945.3102 9718.9284
 5716.3673 12657.4794 5198.9767 33596.7998 17926.0195 52912.7205 93632.9115 75576.2809 9551.6448
 1163.9672 10705.8811 19754.2031 6512.0234 43140.9851 14808.0712 38305.8533 68229.2456 60656.4762
 2414.1263 2039.0924 15926.9059 24777.0098 8790.5471 34266.5225 11422.6283 29206.7014 96897.3558
 20610.9922 3960.8674 3114.3004 20607.5925 33010.5749 6989.0160 27025.8195 8911.5635 95939.1152
 14247.8400 34808.4783 5949.5719 3767.6500 26982.8259 26648.4675 5381.9214 21084.5487 78056.4589
 3113.4277 17520.6655 44941.3418 7368.6202 4144.5286 16986.8282 15842.2900 3365.7990 58507.8809
 3385.1793 8003.0468 34982.9447 64236.6360 8504.4418 3145.6815 12636.2175 11564.4040 42748.1289
 3971.2133 8549.4562 14050.1969 42363.8260 66813.1569 5914.4125 1536.5590 7113.0957 30656.8135
 2769.4685 8605.1782 15220.0948 18470.4696 48304.9921 49844.5347 4414.5098 842.8372 24160.8812
 4858.7536 6378.0601 14689.7504 18809.9511 19589.4931 33010.2752 32249.8888 2243.8840 12793.6193
 1196.3401 12224.9456 12231.3619 20703.5452 21781.3591 14511.8926 23661.8411 22155.8574 8365.2759
 1143.5482 2545.7614 21243.7244 14955.7533 20984.5889 14418.6876 8878.5958 14368.6873 17505.5059
 5682.0167 2218.4408 4469.2945 29232.0453 17532.8698 15699.9235 10196.9468 6171.9557 21286.1242
 9268.6518 14683.7145 4637.1566 6274.3984 33392.8232 13173.9853 11314.4858 7307.2164 17931.1628
 4071.5257 21666.9228 27659.0701 6468.3178 7073.7107 22870.5909 8966.7753 7241.3111 16301.7788
 1655.0101 9847.0539 43065.5149 38951.7178 7756.9465 5168.0411 16065.9701 6218.3568 16640.3905
 1383.5798 3727.0663 18093.4511 54520.5272 42198.3491 5129.8695 3030.5601 10167.5578 14124.8219
 3543.7933 3525.4851 6833.2788 23120.7207 62094.9994 30419.9529 3276.7328 1459.5087 15071.8040
 3375.9368 8424.3577 6751.5605 9337.0046 29012.4967 50174.9799 24018.6699 2253.9406 11826.0987
 3181.2924 7932.1114 15489.1304 8851.1096 10166.0726 19340.5943 34330.5979 15546.8043 8855.0849
 5418.0674 7641.4214 14732.3494 19111.7317 9376.7900 6774.9056 12056.2398 20692.9262 14472.4567
 8118.6479 11861.7331 13836.0345 18851.3843 21101.9497 6588.7767 4351.8743 7792.4390 23634.5029
 7144.9387 20814.5418 23595.9463 18944.5302 21816.4425 15635.4996 4699.7822 2736.4300 20550.8981
 6312.6790 16431.1035 37674.0883 29638.0135 19346.7976 13951.7259 9678.5449 2517.9476 13635.8561
 3931.3297 13152.9370 28341.3691 48047.6175 31872.2124 12767.1179 8872.4851 5805.1951 10003.1757
 5761.2141 10011.4141 26036.0916 39852.5349 59690.4458 25297.3195 9733.1102 6499.9337 11606.2258
 3952.3492 9662.3203 16661.9189 33053.2941 44120.4978 42263.3646 17862.3868 6551.7473 12017.1094
 2821.8691 8037.7912 17663.6452 21138.2676 37893.1479 31582.9976 29998.9497 11941.3363 11415.3986
 2326.4446 6099.2397 14094.3548 23409.3652 22963.1128 26473.1476 21177.7962 21201.6015 15921.7703
 3228.6728 5037.8448 10756.3871 18945.4905 26065.9219 16571.2887 18428.1588 15525.2513 26300.4718
tot_mat_B
 58309.0042 98835.0384 187000.7308 260677.7364 300989.9702 377400.7083 381874.2704 379412.8753 306769.2004 263276.7062 225740.8894 220169.8418 216927.7625 171791.3818 189206.6805 180968.7299 172632.9662 144623.6755 136832.4188 116044.8527 112489.6173 117983.5948 122320.0033 145369.0017 152375.7828 149346.2757 145175.0454 123692.7980 110276.8880 116137.3424 135939.0094 149186.7564 162793.4395 194488.2897 186144.9884 172493.4032 153666.8326 140859.4877
Aerial_Biomass
  0.1492
Total_Run
  0.1777
Purse_Seine
747.5897
obs_catch_naa
   0.1710   0.2170   8.1400   4.0230   0.5900   0.0520   0.0230   0.0000   0.0050
